0 38.656
2 29.676
4 24.116
6 24.723
8 24.429
10 24.827
12 24.198
14 23.002
16 23.206
18 24.769
20 24.009
22 24.093
24 25.035
26 23.321
28 24.276
30 23.887
32 23.229
34 23.891
36 23.390
38 21.724
40 25.496
42 23.019
44 25.429
46 1.349
48 0.960
50 0.831
52 0.533
54 0.327
56 0.309
58 1.667
60 1.780
62 1.469
64 1.378
66 1.189
68 0.840
70 0.661
72 0.648
74 0.677
76 0.583
78 0.664
80 0.851
82 1.162
84 1.042
86 1.182
88 0.667
90 1.353
92 1.067
94 1.188
96 2.521
98 2.573
100 2.433
102 2.660
104 2.164
106 2.859
108 2.493
110 2.652
112 2.177
114 2.432
116 2.588
118 2.486
120 1.078
122 1.166
124 1.067
126 1.230
128 1.212
130 1.219
132 1.364
134 1.503
136 1.440
138 1.607
140 1.570
142 1.777
144 1.492
146 1.460
148 1.160
150 1.198
152 0.925
154 0.932
156 0.579
158 0.782
160 2.707
162 2.529
164 2.497
166 2.560
168 2.718
170 2.914
172 3.003
174 5.618
176 5.864
178 5.982
180 6.823
182 6.972
184 7.459
186 7.779
188 8.325
190 9.077
192 9.438
194 10.173
196 10.946
198 8.807
200 1.417
202 1.391
204 1.539
206 1.536
208 1.336
210 1.298
212 1.255
214 1.194
216 1.133
218 1.640
220 1.497
222 1.244
224 1.149
226 1.227
228 1.000
230 1.148
232 1.190
234 1.600
236 1.930
238 1.741
240 1.629
242 2.359
244 1.973
246 2.156
248 2.127
250 1.748
252 2.087
254 2.285
256 2.243
258 1.960
260 2.721
262 2.663
264 2.493
266 2.656
268 2.229
270 3.047
272 5.178
274 5.682
276 7.169
278 10.957
280 12.289
282 12.565
284 13.211
286 13.791
288 14.146
290 14.403
292 14.590
294 5.917
296 6.827
298 7.507
300 7.069
302 6.794
304 6.306
306 6.015
308 4.643
310 3.594
312 3.111
314 2.550
316 2.586
318 1.024
320 0.571
322 0.474
324 0.475
326 0.763
328 1.097
330 1.697
332 2.505
334 3.117
336 3.753
338 4.431
340 4.885
342 5.075
344 5.609
346 6.132
348 7.296
350 7.751
352 8.715
354 9.367
356 10.150
358 11.087
360 11.754
362 12.548
364 13.423
366 13.587
368 14.521
370 15.465
372 16.216
374 17.100
376 18.189
378 19.101
380 20.142
382 21.334
384 21.077
386 21.245
388 22.667
390 20.073
392 24.841
394 25.888
396 27.512
398 28.941
400 29.055
402 29.144
404 30.092
406 29.244
408 32.838
410 32.083
412 33.250
414 33.713
416 33.465
418 33.231
420 35.935
422 34.056
424 34.519
426 33.831
428 33.449
430 2.886
432 4.616
434 4.878
436 4.459
438 4.657
440 4.725
442 5.001
444 5.915
446 6.028
448 5.348
450 5.723
452 6.136
454 6.867
456 1.261
458 1.003
460 1.018
462 1.258
464 1.203
466 1.382
468 2.128
470 2.372
472 2.271
474 2.471
476 2.324
478 2.475
480 2.450
482 2.830
484 2.816
486 2.846
488 2.970
490 0.429
492 0.450
494 0.592
496 0.788
498 1.001
500 1.013
502 1.283
504 0.334
506 1.875
508 0.751
510 0.985
512 1.116
514 1.256
516 1.146
518 1.339
520 1.419
522 1.423
524 1.236
526 0.678
528 0.659
530 1.134
532 1.795
534 1.807
536 1.707
538 1.771
540 1.774
542 1.998
544 2.077
546 1.971
548 2.292
550 2.078
552 2.244
554 2.482
556 2.401
558 2.613
560 2.240
562 1.440
564 1.506
566 1.451
568 1.622
570 1.664
572 1.648
574 1.764
576 1.896
578 1.798
580 2.133
582 2.522
584 0.976
586 1.134
588 1.260
590 1.273
592 1.053
594 2.412
596 2.731
598 2.786
600 3.089
602 3.842
604 3.752
606 3.483
608 1.838
610 2.165
612 2.529
614 2.834
616 2.699
618 3.090
620 3.343
622 3.482
624 3.719
626 3.929
628 3.445
630 2.328
632 2.552
634 2.594
636 2.630
638 2.662
640 3.543
642 3.498
644 3.051
646 3.131
648 3.090
650 3.126
652 3.311
654 3.045
656 3.179
658 2.959
660 2.852
662 2.817
664 1.242
666 1.347
668 1.459
670 1.220
672 0.895
674 0.903
676 1.095
678 0.921
680 0.925
682 0.983
684 1.035
686 0.837
688 0.836
690 0.876
692 1.076
694 1.030
696 1.566
698 1.735
700 2.002
702 1.610
704 2.712
706 2.237
708 2.471
710 2.598
712 2.638
714 2.833
716 3.118
718 3.167
720 4.522
722 3.953
724 3.236
726 2.941
728 2.721
730 1.639
732 7.287
734 7.646
736 8.675
738 9.933
740 10.582
742 9.405
744 10.866
746 10.186
748 11.506
750 11.801
752 12.273
754 13.127
756 13.794
758 14.656
760 15.613
762 16.890
764 16.326
766 15.724
768 12.421
770 5.559
772 4.808
774 4.656
776 4.303
778 2.640
780 2.600
782 2.687
784 2.710
786 2.632
788 2.658
790 2.708
792 2.668
794 2.593
796 2.601
798 2.614
800 2.551
802 1.292
804 0.992
806 0.821
808 0.364
810 0.115
812 0.130
814 0.312
816 0.539
818 0.553
820 0.576
822 0.600
824 0.556
826 0.666
828 0.753
830 0.976
832 1.237
834 1.214
836 1.082
838 0.651
840 1.518
842 2.402
844 1.205
846 1.024
848 0.951
850 0.658
852 0.611
854 0.549
856 0.465
858 2.236
860 2.900
862 2.757
864 2.518
866 2.311
868 2.491
870 2.159
872 2.548
874 4.686
876 4.558
878 3.344
880 3.537
882 4.127
884 5.112
886 5.578
888 5.912
890 6.330
892 6.782
894 7.183
896 7.614
898 8.142
900 8.312
902 7.099
904 5.380
906 4.924
908 4.658
910 4.553
912 4.493
914 4.389
916 4.069
918 3.951
920 3.896
922 3.815
924 3.743
926 3.580
928 3.470
930 3.580
932 3.404
934 3.528
936 3.260
938 3.322
940 3.400
942 3.608
944 3.560
946 2.529
948 2.950
950 2.779
952 3.391
954 3.517
956 2.847
958 2.148
960 2.239
962 2.090
964 2.116
966 2.392
968 2.234
970 2.087
972 1.826
974 1.751
976 1.597
978 1.379
980 1.441
982 1.186
984 0.998
986 1.043
988 0.852
990 1.060
992 0.994
994 0.812
996 0.744
998 0.979
1000 0.842
