0 47.742 -46.344
2 32.662 -76.744
4 21.861 -107.140
6 11.991 -127.202
8 7.102 -135.583
10 3.495 -141.800
12 1.477 -145.738
14 1.611 -149.120
16 2.254 -150.732
18 2.583 -143.634
20 3.675 -80.932
22 4.117 -52.023
24 7.182 -20.945
26 8.091 -8.907
28 8.834 -5.732
30 9.616 -7.759
32 10.718 -3.803
34 11.236 -0.875
36 10.264 2.049
38 10.140 3.000
40 10.102 -16.955
42 9.726 -49.211
44 8.494 -164.436
46 8.370 -165.670
48 9.500 -172.360
50 9.870 -160.570
52 9.411 -148.266
54 9.255 -159.323
56 8.405 -152.321
58 7.866 -155.985
60 8.075 -156.526
62 7.876 -158.530
64 7.295 -129.319
66 7.390 -112.084
68 6.714 -103.571
70 6.759 -102.945
72 7.564 -104.148
74 8.208 -89.386
76 8.399 -89.717
78 8.858 -93.970
80 10.242 -82.371
82 6.943 -114.306
84 4.257 -136.054
86 2.775 -146.561
88 3.089 -148.607
90 3.694 -152.483
92 4.172 -155.911
94 5.118 -160.895
96 5.797 -157.735
98 5.720 -177.928
100 4.880 -155.192
102 3.601 -120.780
104 2.976 -106.280
106 5.252 -104.889
108 5.167 -118.035
110 5.656 -134.150
112 6.206 -141.138
114 6.090 -147.029
116 6.460 -153.296
118 6.884 -150.727
120 7.607 -157.330
122 7.959 -157.651
124 6.638 -140.116
126 6.037 -135.925
128 5.773 -127.054
130 5.053 -121.070
132 5.098 -117.618
134 4.554 -111.482
136 4.208 -112.192
138 4.607 -114.784
140 4.422 -108.447
142 4.030 -118.618
144 3.048 -137.883
146 4.401 -167.004
148 3.945 -148.785
150 4.386 -142.210
152 4.287 -126.704
154 4.472 -125.525
156 4.297 -90.348
158 4.815 -22.408
160 4.796 -5.965
162 4.909 2.837
164 5.092 -6.511
166 5.651 -10.076
168 5.860 -6.395
170 6.134 -11.263
172 4.346 1.039
174 2.861 -0.496
176 2.481 -2.250
178 2.529 -5.846
180 2.498 -6.004
182 2.420 -6.004
184 2.014 -9.424
186 1.227 -13.954
188 2.068 -14.313
190 3.933 -15.804
192 5.106 -34.431
194 6.387 -50.681
196 7.096 -87.602
198 7.155 -60.451
200 6.150 -6.955
202 3.969 -22.002
204 3.885 -30.536
206 3.941 -26.715
208 3.966 -33.874
210 4.324 -39.869
212 5.439 -47.855
214 6.197 -53.958
216 6.792 -30.282
218 7.614 -121.336
220 8.116 -98.365
222 9.039 -137.995
224 9.461 -151.085
226 10.051 -122.734
228 7.546 -116.541
230 7.367 -104.161
232 6.901 -100.521
234 5.963 -92.945
236 4.885 -97.981
238 4.682 -101.684
240 3.239 -93.508
242 1.771 -86.584
244 0.966 -10.259
246 2.906 -37.651
248 3.886 -59.504
250 5.111 -63.607
252 5.961 -56.861
254 6.858 -46.580
256 8.045 -45.953
258 8.309 -34.349
260 8.282 0.144
262 8.189 -56.694
264 8.621 -85.922
266 9.073 -107.577
268 10.168 -110.930
270 11.048 -108.314
272 10.452 -117.170
274 10.253 -119.587
276 10.559 -119.596
278 11.258 -114.210
280 12.011 -116.687
282 13.173 -115.247
284 12.852 -116.952
286 13.280 -111.054
288 13.628 -108.657
290 15.039 -104.541
292 13.472 -146.372
294 10.801 -143.327
296 9.598 -142.293
298 9.934 -141.816
300 8.917 -154.145
302 13.056 -156.856
304 13.016 -121.745
306 14.229 -102.666
308 14.270 -94.478
310 12.201 -68.334
312 7.058 -45.173
314 5.075 -42.104
316 4.408 -50.730
318 4.875 -58.292
320 4.679 -52.925
322 4.468 -56.170
324 5.006 -98.926
326 5.868 -126.239
328 6.934 -138.245
330 8.033 -149.085
332 9.176 -153.028
334 9.451 -169.926
336 10.230 -143.859
338 10.747 -126.738
340 11.136 -109.697
342 11.557 -102.234
344 10.722 -93.314
346 9.421 0.981
348 8.335 -53.008
350 8.081 -56.057
352 7.943 -62.748
354 8.238 -67.003
356 6.591 -53.331
358 5.685 -38.662
360 5.595 -33.970
362 5.440 -24.669
364 5.486 -15.119
366 5.815 -3.711
368 6.251 1.140
370 6.572 2.866
372 6.997 1.314
374 7.251 2.822
376 6.503 2.093
378 6.248 -5.461
380 7.751 -13.948
382 7.942 -15.511
384 7.887 -15.746
386 7.999 -15.482
388 4.901 -24.401
390 2.502 -91.064
392 1.385 -141.681
394 1.378 -158.760
396 2.027 -165.304
398 2.694 -161.838
400 3.438 -165.855
402 4.003 -170.464
404 5.708 -161.793
406 7.517 -166.249
408 7.031 -159.345
410 5.749 -128.759
412 5.519 -109.418
414 5.246 -91.169
416 5.123 -82.697
418 5.354 -77.975
420 5.631 -72.209
422 5.069 -69.999
424 4.754 -42.301
426 5.085 -23.326
428 5.316 -1.691
430 4.988 1.024
432 5.765 -11.739
434 6.214 -2.942
436 6.722 -6.475
438 8.034 -36.262
440 8.751 -55.642
442 8.722 -62.574
444 9.235 -57.369
446 8.799 -20.522
448 8.329 -33.162
450 8.423 -49.553
452 8.094 -65.287
454 8.617 -65.538
456 8.227 -48.632
458 8.021 -9.094
460 8.334 -37.921
462 8.895 -57.869
464 9.719 -64.834
466 10.219 -61.119
468 7.359 -34.087
470 6.688 -10.912
472 6.159 0.652
474 5.286 0.845
476 4.585 2.709
478 5.206 1.120
480 6.258 3.135
482 7.154 -1.716
484 5.969 -2.662
486 5.301 -31.119
488 4.507 -55.197
490 4.357 -69.252
492 3.924 -74.278
494 3.447 -81.226
496 3.706 -80.999
498 3.567 -83.261
500 2.405 -84.119
502 1.776 -146.474
504 2.044 -141.208
506 2.246 -145.533
508 1.668 -170.767
510 3.234 -155.119
512 5.041 -146.719
514 5.689 -141.190
516 5.725 -140.951
518 5.548 -140.783
520 5.701 -144.729
522 5.595 -133.849
524 5.883 -125.363
526 5.851 -120.416
528 6.015 -122.138
530 5.937 -124.133
532 5.695 -132.062
534 4.883 -121.165
536 5.529 -101.392
538 6.321 -108.222
540 6.881 -103.731
542 7.517 -114.478
544 8.437 -113.488
546 9.949 -100.043
548 10.473 -101.269
550 8.492 -100.664
552 3.847 -94.028
554 2.141 -92.915
556 1.746 -93.764
558 1.881 -92.014
560 2.404 -87.355
562 2.953 -88.595
564 2.286 -85.715
566 2.571 -56.427
568 3.473 -78.967
570 4.629 -82.917
572 7.524 -91.078
574 8.790 -88.971
576 7.827 -99.167
578 5.888 -118.830
580 5.523 -129.255
582 4.329 -140.214
584 4.144 -139.854
586 4.115 -140.296
588 3.367 -147.719
590 2.429 -147.695
592 1.910 -148.977
594 1.838 -146.978
596 1.570 -144.236
598 1.127 -148.147
600 0.744 -139.647
602 1.495 -137.088
604 3.011 -97.582
606 3.852 -50.706
608 5.221 -4.520
610 6.519 0.980
612 6.164 -36.564
614 7.064 -21.609
616 3.977 -114.433
618 2.787 -124.170
620 1.610 -130.762
622 1.402 -134.366
624 1.451 -139.614
626 1.447 -139.765
628 1.363 -137.095
630 1.844 -123.147
632 1.963 -95.811
634 2.866 -76.005
636 3.674 -76.590
638 4.783 -66.909
640 4.519 -51.955
642 4.359 -7.242
644 4.876 -0.669
646 5.974 0.108
648 6.001 -56.860
650 6.610 -55.517
652 6.673 -58.592
654 6.985 -34.462
656 7.384 -20.365
658 8.442 -17.178
660 9.119 -10.583
662 9.807 -13.909
664 10.338 -12.851
666 10.652 -9.359
668 11.077 -7.288
670 9.931 -7.845
672 8.407 -11.692
674 7.310 -151.917
676 6.841 -158.101
678 6.434 -157.072
680 6.520 -157.624
682 7.107 -165.556
684 6.160 -165.024
686 5.285 -121.464
688 4.308 -83.565
690 3.067 -71.811
692 3.026 -67.372
694 3.303 -62.302
696 2.185 -54.492
698 1.705 -52.159
700 2.573 -53.503
702 3.012 -49.410
704 3.718 -54.499
706 3.261 -48.979
708 3.720 -48.198
710 4.074 -49.917
712 4.523 -37.665
714 5.017 -34.419
716 5.229 -71.613
718 5.602 -93.428
720 6.185 -120.465
722 8.289 -139.606
724 9.564 -145.344
726 9.223 -131.101
728 8.858 -117.437
730 9.027 -109.320
732 7.891 -77.883
734 8.828 -87.186
736 8.809 -76.198
738 9.885 -84.543
740 10.735 -136.982
742 9.397 -82.922
744 10.714 -60.318
746 9.286 0.085
748 8.164 1.695
750 7.502 -7.573
752 6.737 0.125
754 5.273 -22.341
756 2.686 -48.789
758 4.116 -71.810
760 5.327 -88.009
762 5.391 -92.267
764 5.563 -90.894
766 6.149 -89.301
768 7.238 -96.139
770 7.790 -105.019
772 8.690 -108.901
774 9.733 -99.317
776 9.804 -109.628
778 10.155 -105.093
780 13.808 -103.963
782 13.633 -93.621
784 12.040 -58.438
786 10.028 -3.696
788 8.606 -6.386
790 7.492 -10.459
792 7.924 -4.341
794 7.728 1.571
796 8.284 0.538
798 8.650 -5.010
800 8.442 -12.740
802 9.025 -37.074
804 9.492 -58.873
806 9.029 -78.097
808 8.637 -87.625
810 7.210 -47.967
812 4.077 -13.051
814 1.409 1.212
816 0.254 0.639
818 1.061 0.430
820 1.291 -1.705
822 2.017 -18.523
824 2.442 -35.166
826 2.961 -45.609
828 4.781 -58.403
830 5.060 -57.716
832 4.491 -50.986
834 4.985 -49.362
836 4.797 -46.785
838 4.943 -45.828
840 4.951 -43.515
842 5.456 -29.348
844 7.550 2.571
846 8.240 -13.108
848 9.348 -40.976
850 10.693 -54.971
852 11.448 -67.870
854 11.112 -104.845
856 12.418 -156.720
858 12.337 -167.640
860 12.393 -169.811
862 12.813 -172.512
864 11.879 -172.085
866 10.138 -145.578
868 9.816 -128.746
870 8.997 -110.750
872 8.645 -99.648
874 7.739 -79.123
876 7.817 -69.549
878 8.283 -71.496
880 7.532 -51.928
882 7.556 -30.254
884 7.380 -9.236
886 7.402 -6.704
888 7.397 -2.658
890 8.173 0.410
892 9.016 -4.289
894 7.944 -30.335
896 7.142 -94.064
898 6.849 -128.713
900 6.111 -153.444
902 5.322 -160.560
904 5.135 -162.386
906 5.238 -162.700
908 5.256 -170.102
910 6.664 -128.806
912 7.611 -114.535
914 8.509 -116.626
916 9.677 -114.131
918 10.631 -117.115
920 11.486 -116.415
922 9.939 -120.687
924 8.470 -100.009
926 7.264 -38.801
928 6.772 -48.583
930 6.445 -43.094
932 6.402 -44.347
934 5.466 -41.906
936 4.490 -39.114
938 3.720 -43.262
940 3.221 -52.057
942 4.294 -48.692
944 4.317 -38.357
946 3.234 -6.926
948 3.192 -18.037
950 2.340 -35.061
952 2.022 -51.771
954 1.924 -58.430
956 2.088 -71.223
958 2.588 -83.036
960 4.195 -93.237
962 5.436 -173.177
964 6.410 -157.503
966 7.373 -156.914
968 7.496 -157.065
970 7.897 -158.273
972 6.424 -147.937
974 6.009 -147.837
976 5.282 -140.870
978 5.870 -145.018
980 5.334 -139.551
982 4.431 -132.173
984 3.780 -158.937
986 4.690 -118.316
988 6.208 -85.872
990 6.351 -69.377
992 8.415 -51.527
994 9.408 -40.640
996 8.844 -75.487
998 7.931 -96.713
1000 9.542 -87.320
