0 28.172 -81.868
2 21.765 -62.866
4 15.554 -42.865
6 12.175 -27.733
8 8.388 -7.477
10 4.191 -4.852
12 6.933 -21.185
14 7.025 -27.939
16 7.349 -35.082
18 7.886 -40.214
20 8.457 -48.120
22 8.870 -51.756
24 9.478 -60.996
26 9.492 -53.299
28 9.385 -50.579
30 9.146 -46.941
32 8.753 -39.493
34 9.024 -54.941
36 9.493 -75.842
38 10.014 -92.373
40 9.978 -99.764
42 10.257 -102.450
44 10.282 -105.750
46 8.730 -88.762
48 6.437 -30.508
50 5.185 1.775
52 3.612 -27.361
54 2.842 -33.823
56 3.920 2.908
58 5.354 -94.363
60 6.288 -93.085
62 6.936 -85.219
64 7.509 -87.338
66 6.736 -74.351
68 5.467 -64.332
70 4.710 -59.812
72 3.531 -46.051
74 4.959 -50.798
76 3.155 -51.251
78 1.641 -54.413
80 1.813 -51.499
82 1.830 -46.269
84 1.464 -45.092
86 1.785 -50.873
88 4.284 -12.135
90 6.179 -11.319
92 7.681 -34.283
94 9.508 -50.401
96 10.949 -59.009
98 11.262 -53.446
100 10.132 -18.365
102 9.522 -17.662
104 9.147 -35.140
106 8.854 -31.803
108 8.740 -40.045
110 8.835 -56.563
112 7.823 -97.839
114 12.279 -156.551
116 12.737 -166.412
118 13.202 -163.925
120 13.686 -166.545
122 13.970 -170.358
124 10.554 -160.285
126 8.682 -156.351
128 7.035 -151.029
130 6.498 -145.664
132 6.482 -139.717
134 6.666 -146.486
136 7.567 -158.203
138 8.457 -169.775
140 9.318 -149.285
142 10.106 -134.541
144 10.733 -126.725
146 10.041 -77.626
148 9.669 -48.035
150 9.528 -26.836
152 9.826 -18.890
154 9.548 -11.518
156 8.933 2.233
158 8.013 -35.497
160 6.838 -78.823
162 5.708 -107.004
164 5.198 -109.083
166 4.235 -108.110
168 4.226 -133.567
170 4.830 -157.063
172 5.405 -165.733
174 6.725 -161.919
176 7.366 -154.099
178 8.029 -153.051
180 7.550 -152.994
182 8.597 -130.969
184 9.049 -138.508
186 7.121 -152.645
188 11.649 -155.842
190 12.144 -150.709
192 11.993 -146.502
194 10.127 -168.998
196 9.193 -166.962
198 8.549 -167.529
200 10.041 -164.615
202 9.712 -131.081
204 9.607 -104.195
206 9.726 -77.849
208 10.892 -62.072
210 10.353 -69.757
212 10.466 -87.741
214 10.723 -99.700
216 10.668 -127.013
218 10.311 -155.007
220 8.216 -25.724
222 7.135 -10.349
224 6.575 -25.824
226 5.944 -24.258
228 6.646 -33.037
230 7.471 -7.800
232 8.639 -14.645
234 8.953 -18.946
236 9.747 -31.587
238 10.551 -37.855
240 9.832 -76.171
242 9.426 -106.464
244 9.056 -131.853
246 8.151 -137.213
248 7.883 -144.542
250 6.973 -162.179
252 6.973 -169.617
254 7.355 -172.506
256 8.043 -166.909
258 8.673 -161.728
260 8.621 -158.027
262 10.805 -170.092
264 11.050 -84.927
266 11.692 -50.884
268 12.904 -52.071
270 13.307 -35.955
272 13.035 -33.431
274 12.902 -35.695
276 14.663 -36.731
278 12.945 -38.452
280 11.844 -38.349
282 12.533 -36.647
284 10.387 -19.778
286 9.916 -4.720
288 10.116 -32.318
290 10.495 -59.686
292 10.608 -69.947
294 11.631 -71.661
296 10.700 -59.321
298 10.694 -47.431
300 10.531 -41.033
302 11.901 -9.686
304 15.920 -7.060
306 15.273 -25.196
308 16.777 -9.092
310 16.946 -3.330
312 16.456 -1.654
314 15.332 -34.345
316 13.082 -46.688
318 10.633 -54.787
320 10.274 -65.541
322 10.336 -65.157
324 9.418 -63.001
326 9.122 -60.023
328 9.587 -57.719
330 9.034 -53.077
332 9.681 -57.789
334 9.812 -54.010
336 9.975 -47.292
338 11.502 -47.307
340 12.069 -42.555
342 11.371 -31.084
344 11.324 -12.924
346 9.794 -71.365
348 9.367 -89.886
350 8.087 -97.308
352 5.635 -59.552
354 5.440 -33.521
356 4.973 -14.356
358 4.804 -10.998
360 3.899 -56.149
362 3.620 -110.181
364 3.892 -128.365
366 3.184 -74.104
368 3.826 -10.803
370 4.729 -6.300
372 5.807 -0.811
374 4.041 -32.606
376 3.289 -46.752
378 11.666 -60.158
380 12.656 -59.976
382 13.768 -65.738
384 13.209 -91.078
386 16.643 -91.629
388 17.534 -85.470
390 15.794 -92.030
392 14.699 -138.974
394 15.974 -123.003
396 13.526 -97.332
398 12.257 -82.877
400 11.318 -77.574
402 9.470 -71.297
404 5.635 -78.752
406 4.795 -116.826
408 5.356 -137.402
410 4.978 -137.109
412 5.770 -129.721
414 6.762 -117.507
416 7.123 -106.010
418 7.542 -100.078
420 7.447 -90.366
422 6.662 -87.126
424 5.937 -81.423
426 5.652 -74.657
428 5.035 -58.963
430 2.713 -25.624
432 0.753 -22.747
434 1.835 -15.746
436 9.967 -22.497
438 10.877 -51.310
440 9.708 -46.421
442 14.467 -40.252
444 12.334 -38.863
446 9.104 -25.654
448 13.411 2.728
450 13.623 -54.957
452 14.430 -91.746
454 15.385 -99.761
456 15.599 -112.117
458 16.148 -117.970
460 13.073 -152.184
462 11.516 -144.055
464 10.082 -130.798
466 8.500 -121.760
468 6.967 -118.321
470 5.118 -91.805
472 2.698 -26.997
474 2.675 -0.108
476 3.274 2.490
478 4.388 2.027
480 3.655 -42.850
482 3.605 -108.047
484 3.241 -127.999
486 3.564 -131.846
488 3.431 -131.237
490 3.824 -138.045
492 2.607 -111.350
494 2.765 -93.465
496 2.244 -80.295
498 1.766 -81.187
500 1.721 -70.994
502 1.458 -87.499
504 1.872 -97.955
506 2.808 -105.295
508 3.854 -113.303
510 4.738 -118.584
512 5.027 -146.994
514 5.638 -142.995
516 6.296 -115.879
518 7.179 -111.322
520 7.202 -125.506
522 6.984 -137.520
524 8.794 -160.376
526 7.651 -160.380
528 6.963 -146.453
530 6.191 -138.295
532 4.709 -130.045
534 3.155 -127.385
536 1.876 -127.860
538 1.046 -136.932
540 1.398 -136.211
542 3.880 -158.090
544 6.240 -171.535
546 7.875 -166.401
548 9.173 -161.383
550 10.295 -161.436
552 10.206 -175.930
554 9.569 -150.195
556 7.011 -131.952
558 5.185 -115.028
560 4.110 -97.392
562 7.845 -36.810
564 9.761 -16.725
566 11.564 -33.296
568 10.874 -62.119
570 11.858 -67.608
572 11.595 -79.928
574 11.793 -86.548
576 13.735 -79.216
578 14.976 -70.921
580 15.712 -37.199
582 15.899 -7.643
584 16.006 -0.079
586 17.539 -4.242
588 15.806 1.927
590 15.160 2.309
592 13.371 2.136
594 11.604 2.567
596 9.513 0.218
598 8.977 -9.414
600 9.439 -37.786
602 8.113 -73.495
604 8.029 -90.819
606 8.790 -96.787
608 9.179 -104.826
610 8.560 -139.856
612 8.830 -105.768
614 8.574 -84.909
616 8.897 -80.800
618 8.701 -82.048
620 6.508 -90.729
622 4.929 -101.170
624 4.272 -105.008
626 3.229 -111.943
628 3.170 -109.952
630 3.398 -109.067
632 4.409 -112.221
634 7.108 -101.389
636 5.377 -109.634
638 4.391 -108.402
640 4.025 -107.400
642 3.142 -121.230
644 2.257 -131.906
646 1.508 -133.522
648 1.028 -139.296
650 2.630 -133.342
652 3.315 -59.147
654 3.767 -11.209
656 4.257 0.317
658 3.988 -22.661
660 3.126 -78.318
662 2.092 -90.770
664 1.923 -106.238
666 1.661 -107.021
668 0.716 -119.045
670 0.761 -128.187
672 1.496 -136.104
674 1.789 -136.150
676 2.159 -140.328
678 2.406 -143.278
680 3.259 -139.693
682 5.733 -129.990
684 6.790 -125.772
686 7.529 -124.323
688 8.189 -124.746
690 9.387 -103.185
692 10.262 -54.536
694 11.084 -17.167
696 11.501 2.096
698 11.966 -2.009
700 12.552 -10.224
702 11.518 -32.768
704 11.126 -172.808
706 10.177 -117.987
708 13.966 -115.686
710 14.054 -114.126
712 13.151 -122.495
714 15.107 -148.141
716 12.617 -170.447
718 15.353 -161.549
720 14.229 -156.254
722 13.878 -144.942
724 13.767 -140.561
726 12.664 -133.803
728 12.358 -144.251
730 11.238 -151.905
732 11.303 -153.130
734 12.687 -159.723
736 10.335 -165.241
738 10.398 -153.881
740 7.783 -133.022
742 5.930 -108.921
744 5.110 -97.187
746 3.439 -80.276
748 2.387 -69.061
750 1.592 -55.348
752 3.022 -44.206
754 3.449 -35.401
756 3.877 -16.696
758 3.038 1.881
760 5.893 -7.642
762 7.091 -22.272
764 9.531 -59.175
766 7.246 -30.146
768 9.964 -18.792
770 9.647 -15.237
772 9.316 0.302
774 9.132 -4.566
776 9.458 -18.757
778 9.641 -21.902
780 10.132 -31.857
782 8.739 -9.881
784 6.767 2.361
786 9.102 -0.238
788 8.166 -27.247
790 8.180 -33.419
792 8.333 -53.828
794 8.425 -75.785
796 8.505 -104.142
798 6.151 -59.648
800 3.793 -1.697
802 4.653 -1.875
804 5.477 -3.413
806 7.396 -4.050
808 7.809 0.287
810 7.425 -13.410
812 8.025 -27.228
814 7.809 -38.188
816 7.195 -63.228
818 7.993 -95.551
820 6.844 -116.851
822 5.017 -156.868
824 8.327 -163.340
826 8.701 -149.936
828 9.344 -143.443
830 10.184 -143.063
832 8.735 -152.362
834 8.498 -157.609
836 8.116 -39.101
838 9.087 -28.708
840 7.176 -18.741
842 5.538 -16.417
844 4.793 -15.395
846 4.186 -12.999
848 4.038 -8.030
850 3.230 2.557
852 4.208 -35.996
854 6.018 -141.530
856 8.084 -162.984
858 9.279 -165.703
860 9.347 -165.919
862 7.270 -172.806
864 5.846 -169.090
866 5.558 -171.641
868 5.655 -171.605
870 5.106 -168.859
872 4.297 -156.816
874 3.985 -161.847
876 3.425 -143.853
878 3.249 -125.778
880 3.891 -124.556
882 4.796 -57.068
884 6.244 -45.509
886 7.222 -45.431
888 8.319 -41.329
890 8.560 -71.863
892 8.284 -121.433
894 8.295 -141.537
896 8.376 -153.770
898 8.072 -159.105
900 7.642 -64.367
902 7.726 -122.996
904 5.944 -165.666
906 5.585 -165.554
908 5.918 -168.125
910 6.712 -167.175
912 6.543 -142.873
914 7.028 -128.619
916 7.675 -114.872
918 8.509 -105.821
920 7.088 -130.300
922 6.169 -146.118
924 5.571 -163.210
926 5.763 -170.410
928 5.463 -156.167
930 6.368 -94.218
932 7.643 -72.414
934 8.609 -64.602
936 10.476 -58.294
938 11.630 -51.744
940 9.365 -44.615
942 8.161 -38.690
944 8.029 -37.315
946 7.942 -41.343
948 7.529 -62.990
950 7.236 -78.193
952 6.217 -81.163
954 7.032 -68.895
956 8.790 -20.863
958 10.625 -1.614
960 11.249 2.721
962 10.746 -139.624
964 10.968 -149.474
966 11.625 -155.682
968 11.687 -147.290
970 11.406 -112.099
972 11.867 -104.197
974 12.686 -95.566
976 13.057 -95.571
978 11.293 -137.050
980 10.966 -157.760
982 10.351 -172.626
984 9.571 -159.944
986 8.002 -147.014
988 6.697 -110.246
990 6.595 -74.053
992 6.148 -56.781
994 6.155 -31.768
996 6.796 -25.180
998 9.470 -78.437
1000 10.300 -86.871
