0 41.145 -73.167
2 33.977 -62.862
4 30.640 -56.134
6 26.641 -51.603
8 24.072 -42.168
10 20.213 -26.756
12 16.983 -5.740
14 13.454 -0.624
16 8.446 -11.264
18 6.887 -18.808
20 6.394 -21.674
22 4.629 -16.089
24 3.575 -38.948
26 3.258 -51.509
28 3.683 -55.644
30 4.434 -63.021
32 5.350 -63.696
34 6.239 -66.727
36 7.019 -64.870
38 6.990 -60.735
40 6.519 -68.642
42 6.102 -81.344
44 5.752 -142.544
46 6.153 -178.124
48 4.865 -178.164
50 4.737 -169.823
52 4.984 -167.354
54 5.242 -173.301
56 5.492 -139.508
58 5.980 -97.914
60 6.226 -87.220
62 6.439 -89.344
64 7.225 -86.932
66 7.829 -82.299
68 8.286 -84.503
70 7.453 -110.005
72 6.823 -136.318
74 7.638 -166.911
76 7.320 -174.440
78 7.351 -172.115
80 6.481 -175.659
82 4.780 -160.502
84 3.590 -149.561
86 3.267 -145.320
88 3.536 -145.335
90 3.505 -144.433
92 3.740 -149.369
94 4.289 -155.404
96 4.795 -168.654
98 5.278 -169.094
100 5.991 -167.468
102 6.376 -162.354
104 6.584 -155.661
106 7.047 -147.918
108 7.114 -133.369
110 7.368 -114.862
112 8.099 -103.927
114 7.674 -104.947
116 10.904 -167.601
118 10.076 -142.705
120 10.015 -135.302
122 9.183 -123.563
124 9.930 -126.262
126 10.145 -148.956
128 13.714 -169.046
130 14.196 -163.717
132 12.649 -156.376
134 10.863 -80.211
136 9.638 2.397
138 8.530 -0.024
140 7.899 -10.085
142 7.666 -5.403
144 7.257 -87.603
146 7.081 -105.533
148 6.959 -105.246
150 7.046 -105.546
152 7.363 -99.699
154 7.125 -80.044
156 5.757 -28.482
158 4.649 1.502
160 4.026 -7.741
162 3.232 -19.781
164 2.768 -21.677
166 2.390 -23.965
168 2.056 -21.794
170 3.160 2.888
172 5.159 -26.613
174 6.822 -48.423
176 8.623 -60.048
178 10.368 -73.458
180 9.508 -116.777
182 14.163 -150.657
184 12.709 -140.787
186 12.243 -111.679
188 11.610 -95.379
190 7.997 -76.197
192 10.438 -69.769
194 9.352 -56.566
196 8.168 -55.487
198 8.351 -58.326
200 7.215 -56.939
202 6.819 -73.755
204 6.788 -88.491
206 6.946 -107.772
208 9.091 -109.625
210 9.543 -115.625
212 10.134 -113.983
214 10.904 -120.637
216 10.188 -141.225
218 9.564 -147.017
220 9.577 -127.196
222 9.717 -123.633
224 10.080 -115.707
226 10.492 -115.441
228 11.049 -111.082
230 11.523 -109.798
232 9.518 -136.730
234 8.237 -165.885
236 6.791 -155.701
238 6.560 -155.405
240 6.633 -150.513
242 6.553 -149.598
244 6.845 -146.251
246 7.466 -145.773
248 6.786 -173.154
250 6.376 -138.213
252 6.084 -113.425
254 5.495 -99.707
256 4.784 -94.483
258 5.069 -92.018
260 5.174 -91.833
262 5.481 -97.814
264 4.841 -124.288
266 3.981 -172.191
268 3.989 -154.400
270 4.200 -142.480
272 4.724 -131.843
274 5.408 -129.285
276 4.433 -118.222
278 3.999 -108.207
280 4.796 -98.060
282 4.293 -92.118
284 3.624 -90.903
286 3.629 -94.128
288 4.234 -88.239
290 5.370 -75.705
292 6.753 -50.070
294 12.052 -43.886
296 11.101 -49.631
298 10.846 -54.088
300 9.858 -60.420
302 9.675 -93.664
304 9.693 -109.036
306 9.331 -120.956
308 9.648 -134.105
310 10.084 -142.032
312 9.437 -152.327
314 9.177 -152.078
316 9.447 -158.544
318 8.813 -170.236
320 8.096 -143.052
322 8.360 -108.869
324 8.065 -103.983
326 7.773 -97.925
328 7.958 -88.788
330 7.791 -88.624
332 7.990 -84.918
334 6.471 -63.205
336 4.677 -45.772
338 5.541 -43.123
340 4.596 -32.285
342 5.463 0.158
344 6.168 -22.556
346 6.936 -48.754
348 8.089 -61.930
350 9.714 -61.721
352 10.424 -57.774
354 11.191 -52.991
356 9.967 -48.649
358 8.210 -25.077
360 6.956 -27.484
362 7.283 -29.942
364 6.029 -167.404
366 4.820 -138.589
368 4.601 -152.208
370 4.603 -160.559
372 3.849 -164.531
374 3.504 -160.622
376 4.944 -135.123
378 5.241 -135.263
380 4.577 -139.881
382 4.956 -131.128
384 4.582 -145.717
386 3.782 -154.634
388 3.794 -157.192
390 4.225 -160.216
392 4.704 -154.086
394 4.997 -160.513
396 4.886 -158.327
398 5.348 -154.317
400 5.597 -154.239
402 6.220 -173.492
404 7.102 -4.404
406 7.712 -18.850
408 8.148 -23.092
410 8.799 -27.784
412 9.227 -30.400
414 10.202 -23.630
416 10.964 -24.000
418 10.067 -19.788
420 7.373 1.702
422 4.221 -43.971
424 2.597 -72.027
426 1.994 -81.581
428 2.215 -71.805
430 3.061 -57.828
432 3.815 -53.340
434 4.690 -51.093
436 4.880 -48.997
438 5.473 -53.644
440 8.533 -33.227
442 8.971 -15.867
444 9.068 -16.531
446 9.122 -12.394
448 9.829 -8.987
450 10.375 -6.185
452 11.314 1.306
454 10.947 -70.944
456 10.493 -110.959
458 10.343 -132.199
460 10.705 -147.819
462 11.818 -153.261
464 11.781 -143.021
466 11.179 -138.149
468 10.823 -90.990
470 10.305 -87.484
472 9.681 -98.849
474 9.327 -104.335
476 9.545 -94.158
478 10.138 -90.026
480 11.711 -85.148
482 9.860 -119.213
484 7.542 -155.251
486 6.055 -169.360
488 4.841 -173.543
490 4.309 -172.156
492 4.118 -167.999
494 5.012 -174.791
496 6.023 -151.696
498 5.878 -136.232
500 6.864 -114.661
502 8.108 -93.413
504 7.745 -95.076
506 9.290 -86.664
508 10.661 -83.422
510 10.374 -96.433
512 11.523 -100.160
514 12.597 -96.406
516 13.051 -104.084
518 16.710 -106.582
520 16.263 -26.672
522 17.463 -79.393
524 18.239 -69.582
526 18.658 -66.758
528 18.010 -70.346
530 16.661 -66.728
532 18.464 -65.378
534 16.742 -64.836
536 14.490 -61.276
538 10.351 -57.517
540 7.347 -57.723
542 6.997 -60.972
544 6.234 -65.219
546 6.520 -68.483
548 5.597 -63.632
550 3.202 -45.047
552 2.124 -29.452
554 2.356 -18.023
556 3.101 -15.701
558 3.909 -14.796
560 3.141 -31.731
562 2.422 -43.802
564 1.430 -47.341
566 1.166 -55.080
568 1.754 -64.464
570 1.079 -61.181
572 1.911 -63.893
574 1.496 -87.088
576 1.392 -118.751
578 1.290 -131.268
580 1.964 -142.118
582 2.653 -151.392
584 3.228 -156.529
586 3.661 -163.713
588 4.231 -156.202
590 3.615 -166.165
592 2.852 -148.722
594 2.406 -98.490
596 2.175 -76.146
598 3.158 -71.702
600 3.687 -70.039
602 3.792 -68.415
604 3.915 -67.021
606 4.292 -64.567
608 4.546 -59.213
610 2.023 -77.797
612 0.644 -88.967
614 0.785 -105.876
616 1.741 -109.563
618 3.043 -110.986
620 3.862 -112.442
622 4.861 -106.990
624 4.022 -30.217
626 3.942 2.003
628 4.155 -0.694
630 3.998 -24.692
632 4.386 -22.413
634 4.631 -41.617
636 4.755 -80.504
638 5.114 -104.416
640 4.821 -95.783
642 3.176 -74.771
644 3.241 -57.259
646 3.992 -45.652
648 5.364 -39.852
650 2.876 -40.572
652 5.904 -37.707
654 7.012 -36.552
656 9.585 -33.735
658 10.147 -31.137
660 9.931 -19.805
662 8.244 -14.523
664 9.411 -65.417
666 8.868 -72.755
668 9.294 -81.345
670 9.265 -86.145
672 7.895 -112.506
674 7.911 -159.646
676 7.065 -139.851
678 6.973 -128.830
680 7.184 -126.997
682 6.883 -121.940
684 6.172 -145.009
686 5.724 -151.233
688 5.551 -130.706
690 5.690 -118.438
692 7.279 -154.638
694 7.370 -143.654
696 6.203 -136.484
698 5.099 -122.743
700 5.109 -116.706
702 5.195 -121.467
704 5.286 -117.354
706 5.797 -127.553
708 6.806 -131.299
710 7.610 -66.730
712 8.402 -73.848
714 9.092 -59.403
716 9.637 -55.120
718 10.269 -50.575
720 8.748 -72.683
722 8.029 -89.255
724 7.762 -114.434
726 7.804 -116.536
728 7.952 -119.535
730 8.081 -119.043
732 8.411 -114.814
734 9.031 -107.126
736 9.430 -68.303
738 9.808 -4.363
740 10.332 -22.157
742 11.004 -37.486
744 11.723 -41.350
746 12.457 -42.798
748 10.009 -34.695
750 8.511 -28.331
752 8.457 -25.772
754 7.597 -21.699
756 8.275 -24.077
758 8.478 -24.502
760 8.382 -19.079
762 8.711 -21.827
764 8.299 -18.774
766 7.485 -108.732
768 7.082 -91.651
770 6.936 -104.916
772 5.056 -73.475
774 6.121 -4.988
776 5.143 -23.799
778 3.943 -29.096
780 6.078 -70.011
782 5.385 -108.947
784 4.986 -134.135
786 5.499 -155.551
788 6.327 -167.544
790 7.290 -148.091
792 6.718 -157.110
794 7.047 -162.741
796 7.818 -163.972
798 7.531 -164.536
800 8.684 -168.208
802 9.442 -152.280
804 9.082 -144.928
806 9.265 -141.409
808 9.186 -129.788
810 9.552 -121.829
812 9.999 -119.490
814 10.521 -106.562
816 10.597 -88.167
818 10.454 -59.687
820 11.991 -40.031
822 12.496 -24.985
824 12.683 -4.127
826 9.322 -32.738
828 7.517 -57.291
830 5.605 -73.298
832 3.954 -87.007
834 2.347 -114.488
836 2.128 -133.066
838 11.030 -129.985
840 12.759 -138.168
842 15.091 -140.826
844 16.438 -146.484
846 17.216 -142.846
848 17.890 -142.959
850 15.691 -149.098
852 12.583 -174.551
854 11.033 -156.902
856 10.133 -158.624
858 8.619 -148.844
860 7.476 -144.429
862 7.106 -145.808
864 6.804 -136.400
866 4.802 -141.539
868 3.460 -146.156
870 3.665 -144.673
872 4.674 -153.416
874 5.521 -156.135
876 6.463 -153.951
878 7.386 -156.024
880 5.759 -148.480
882 5.539 -151.201
884 5.141 -146.818
886 3.989 -142.927
888 3.550 -142.825
890 3.350 -142.676
892 3.505 -138.189
894 2.914 -120.413
896 3.159 -99.819
898 3.202 -82.788
900 3.500 -75.068
902 3.454 -52.561
904 3.982 -48.125
906 4.057 -45.899
908 4.741 -46.227
910 5.808 -136.611
912 6.351 -154.337
914 6.821 -129.121
916 7.019 -127.488
918 7.232 -126.559
920 7.134 -124.591
922 5.983 -137.245
924 4.757 -167.179
926 3.785 -138.445
928 3.239 -119.882
930 3.565 -104.234
932 3.973 -89.532
934 4.700 -73.084
936 4.584 -32.851
938 4.775 -4.506
940 4.952 0.559
942 4.942 0.893
944 4.995 -2.927
946 5.237 -5.578
948 4.009 -20.262
950 2.698 -23.354
952 2.701 -20.318
954 2.909 -19.831
956 3.086 -16.879
958 4.737 0.604
960 9.032 -6.999
962 9.800 -24.940
964 10.256 -32.266
966 11.184 -40.609
968 12.425 -42.177
970 10.685 -54.149
972 9.496 -72.810
974 7.488 -163.341
976 6.059 -143.481
978 6.278 -130.140
980 5.474 -134.883
982 6.250 -148.192
984 7.457 -157.711
986 9.412 -163.698
988 10.303 -167.786
990 10.575 -164.056
992 10.573 -170.015
994 11.376 -169.962
996 11.736 -167.823
998 12.247 -159.179
1000 12.570 -160.321
