0 12.008 -137.778
2 9.919 -144.739
4 9.225 -153.742
6 9.806 -153.486
8 10.310 -147.392
10 11.725 -136.997
12 14.672 -136.986
14 16.361 -123.324
16 15.365 -105.387
18 15.519 -85.728
20 14.469 -64.803
22 12.206 -28.772
24 10.767 -20.212
26 9.458 -17.354
28 9.100 -14.367
30 9.831 -16.988
32 11.450 -27.999
34 9.724 -19.056
36 12.552 -22.959
38 15.844 -39.732
40 13.352 -55.873
42 12.834 -67.667
44 16.867 -59.057
46 17.066 -55.888
48 15.730 -68.812
50 14.796 -97.781
52 12.735 -139.514
54 12.250 -134.772
56 11.585 -172.120
58 16.027 -124.370
60 15.863 -111.665
62 16.586 -110.670
64 15.197 -103.438
66 11.057 -92.361
68 9.493 -81.173
70 8.402 -77.286
72 8.171 -81.859
74 8.214 -81.914
76 6.916 -74.952
78 5.535 -16.843
80 5.264 -29.335
82 4.620 -51.161
84 3.979 -86.849
86 4.229 -129.828
88 4.913 -147.850
90 5.662 -152.231
92 6.020 -21.081
94 6.479 -10.638
96 6.530 -8.924
98 6.562 -12.202
100 6.034 -10.839
102 6.465 -4.397
104 6.954 -28.199
106 8.281 -69.672
108 8.653 -75.820
110 9.204 -76.532
112 8.929 -96.945
114 8.461 -122.822
116 9.310 -120.540
118 8.325 -119.898
120 8.345 -116.722
122 7.720 -119.180
124 7.318 -130.177
126 5.296 -156.350
128 11.857 -152.328
130 11.799 -113.654
132 12.098 -80.890
134 12.895 -74.776
136 12.696 -83.014
138 11.523 -84.256
140 11.495 -110.109
142 11.658 -90.702
144 12.190 -89.412
146 12.268 -87.166
148 11.733 -80.527
150 10.541 -75.763
152 10.101 -68.931
154 9.559 -70.275
156 9.439 -60.511
158 10.293 -39.365
160 11.184 -36.023
162 10.711 -40.040
164 10.929 -73.301
166 11.120 -125.394
168 12.340 -142.183
170 9.445 -163.389
172 9.363 -169.164
174 8.360 -158.778
176 8.392 -158.624
178 9.187 -117.122
180 10.765 -82.157
182 12.514 -43.975
184 13.572 -56.431
186 14.913 -58.088
188 14.975 -55.494
190 16.052 -56.918
192 17.083 -55.915
194 16.085 -43.356
196 14.732 -41.180
198 14.054 -41.276
200 12.770 -40.045
202 13.588 -37.064
204 11.864 -57.746
206 10.688 -76.445
208 9.448 -89.112
210 9.256 -91.689
212 9.988 -99.646
214 9.550 -123.721
216 11.190 -163.119
218 14.251 -148.905
220 15.384 -119.073
222 16.199 -128.271
224 19.561 -158.962
226 18.921 -150.097
228 24.706 -49.257
230 23.660 -57.018
232 18.198 -93.087
234 13.934 -106.727
236 9.199 -91.436
238 8.825 -72.247
240 7.770 -67.216
242 6.741 -57.477
244 3.472 -41.129
246 3.223 -32.683
248 4.447 -24.155
250 6.651 -16.756
252 5.125 -26.164
254 5.047 -30.113
256 5.218 -28.312
258 5.539 -43.681
260 4.781 -59.795
262 3.833 -84.160
264 3.084 -92.511
266 2.295 -133.707
268 1.948 -176.535
270 1.274 -163.677
272 1.549 -156.715
274 1.795 -153.481
276 3.571 -151.593
278 5.528 -37.007
280 7.768 0.763
282 8.936 -2.489
284 8.749 -37.994
286 7.976 -58.907
288 7.658 -71.713
290 7.646 -66.669
292 8.586 -69.221
294 8.580 -61.485
296 7.757 -39.087
298 7.512 -22.001
300 7.918 -13.606
302 8.605 -12.948
304 8.369 -9.306
306 7.389 -19.561
308 7.475 -138.170
310 7.374 -145.566
312 7.772 -155.992
314 8.463 -153.986
316 9.117 -97.331
318 9.616 -23.287
320 9.920 -10.602
322 10.744 -14.163
324 10.858 -16.612
326 11.221 -10.420
328 9.936 -77.560
330 8.773 -160.015
332 11.086 -158.039
334 11.262 -160.844
336 11.585 -164.798
338 12.776 -160.242
340 15.635 -151.057
342 14.300 -150.735
344 13.464 -153.380
346 14.299 -146.965
348 12.098 -149.504
350 7.319 -143.995
352 3.632 -141.106
354 1.834 -141.241
356 4.051 -169.186
358 4.014 -158.293
360 4.245 -140.011
362 3.872 -128.602
364 4.309 -65.494
366 4.896 -20.795
368 6.008 2.263
370 5.785 -54.732
372 5.874 -52.668
374 12.223 -6.836
376 11.753 -28.594
378 10.944 -34.790
380 11.002 -35.649
382 10.505 -44.126
384 9.971 -169.998
386 10.634 -145.740
388 11.790 -156.236
390 12.046 -148.691
392 11.958 -150.743
394 12.066 -148.874
396 12.161 -148.104
398 14.132 -140.884
400 13.397 -139.763
402 13.504 -135.534
404 14.074 -135.509
406 14.208 -151.056
408 14.928 -171.240
410 15.002 -153.685
412 13.872 -115.130
414 12.537 -77.967
416 12.790 -81.171
418 12.371 -76.109
420 14.030 -96.702
422 14.440 -103.285
424 14.201 -94.444
426 14.660 -88.629
428 13.389 -60.965
430 13.264 -27.275
432 11.830 -16.062
434 11.757 -10.022
436 11.593 -13.416
438 11.222 -103.753
440 11.346 -113.854
442 10.902 -121.216
444 9.912 -118.096
446 9.546 -121.537
448 9.803 -140.197
450 12.511 -73.690
452 13.136 -80.647
454 15.808 -80.958
456 14.027 -85.465
458 13.357 -109.777
460 15.808 -111.760
462 15.520 -135.134
464 15.910 -143.782
466 16.084 -140.651
468 15.543 -135.492
470 14.384 -137.476
472 12.134 -133.441
474 13.558 -128.541
476 12.907 -126.831
478 12.449 -156.840
480 12.858 -37.473
482 12.635 -53.529
484 11.236 -124.249
486 9.969 -100.464
488 9.691 -104.328
490 10.149 -103.040
492 10.220 -107.877
494 9.781 -125.819
496 8.542 -149.332
498 7.397 -164.201
500 6.163 -170.103
502 5.685 -170.490
504 3.985 -151.607
506 5.273 -134.217
508 5.762 -107.420
510 5.762 -106.102
512 6.532 -131.443
514 5.559 -143.330
516 4.468 -128.121
518 5.487 -104.283
520 5.024 -86.225
522 5.135 -72.294
524 6.851 -75.386
526 8.442 -88.054
528 8.155 -113.284
530 9.199 -133.904
532 9.680 -134.237
534 8.835 -176.880
536 9.542 -142.352
538 9.703 -121.021
540 10.099 -118.454
542 9.829 -125.931
544 9.636 -154.725
546 10.081 -160.131
548 11.014 -148.433
550 11.192 -164.773
552 10.633 -168.594
554 13.893 -126.070
556 13.834 -115.259
558 13.853 -111.535
560 13.683 -103.633
562 13.414 -90.798
564 12.961 -65.857
566 12.779 -53.263
568 13.332 -43.175
570 12.972 -42.398
572 10.658 -26.247
574 10.679 -25.284
576 11.098 -25.214
578 11.678 -24.822
580 12.649 -26.243
582 12.009 -23.582
584 12.652 -30.323
586 11.696 -31.309
588 11.356 -29.738
590 10.530 -27.336
592 11.143 -34.719
594 9.727 -107.023
596 9.034 -129.919
598 8.054 -132.746
600 5.730 -103.863
602 6.631 -100.707
604 6.318 -97.502
606 6.408 -95.198
608 6.985 -104.971
610 7.574 -95.040
612 8.428 -100.743
614 6.986 -85.729
616 4.723 -50.695
618 3.980 -19.168
620 2.643 -3.188
622 2.660 2.301
624 1.553 -14.918
626 2.758 -1.126
628 3.023 -73.679
630 3.280 -84.668
632 3.885 -87.966
634 4.607 -100.888
636 5.412 -114.358
638 7.681 -118.930
640 8.244 -133.179
642 12.060 -117.111
644 13.185 -13.498
646 11.359 -109.441
648 13.471 -164.232
650 12.950 -169.116
652 11.547 -17.209
654 9.463 0.550
656 9.906 -1.472
658 8.736 2.214
660 7.149 1.526
662 4.876 2.183
664 3.456 -15.845
666 3.416 -38.150
668 2.549 -54.548
670 1.442 -60.852
672 1.270 -61.692
674 2.005 -77.600
676 2.406 -99.336
678 3.118 -113.640
680 3.617 -147.432
682 3.416 -130.278
684 3.472 -135.776
686 3.920 -130.434
688 4.371 -121.274
690 5.040 -120.113
692 5.651 -125.694
694 6.834 -132.239
696 7.699 -152.890
698 6.334 -139.243
700 8.370 -135.496
702 8.076 -161.796
704 6.394 -172.203
706 5.159 -170.539
708 4.656 -168.534
710 5.970 -167.573
712 5.838 -148.668
714 6.689 -143.320
716 7.711 -151.743
718 6.814 -141.478
720 7.903 -141.008
722 8.399 -145.629
724 9.181 -142.489
726 10.790 -150.709
728 10.760 -137.424
730 10.097 -117.926
732 14.833 -161.496
734 15.319 -160.411
736 14.974 -127.994
738 11.725 -153.281
740 10.072 -155.665
742 8.727 -146.879
744 8.765 -155.697
746 7.908 -171.772
748 7.291 -148.640
750 5.920 -130.250
752 5.413 -129.121
754 5.680 -96.250
756 5.451 -93.267
758 5.039 -112.754
760 5.275 -116.405
762 5.035 -117.630
764 5.150 -122.283
766 5.491 -109.987
768 6.136 -107.558
770 8.858 -101.799
772 8.557 -115.296
774 7.479 -127.720
776 13.184 -116.026
778 14.797 -105.657
780 14.594 -87.990
782 15.706 -77.524
784 14.721 -95.608
786 12.377 -128.158
788 11.739 -90.289
790 10.345 -91.180
792 7.162 -117.628
794 7.258 -138.724
796 5.388 -158.619
798 3.474 -167.342
800 3.060 -137.727
802 3.777 -78.251
804 7.037 -64.520
806 9.429 -62.157
808 10.219 -59.210
810 6.995 -68.486
812 4.596 -89.656
814 3.177 -84.287
816 1.187 -96.108
818 3.818 -86.802
820 6.153 -90.658
822 7.427 -87.438
824 6.054 -41.112
826 5.282 -58.889
828 5.417 -69.884
830 5.751 -67.208
832 6.277 -56.188
834 7.292 -31.453
836 8.200 -16.051
838 7.526 2.933
840 8.911 -22.218
842 9.165 -47.937
844 10.170 -72.146
846 10.550 -99.924
848 10.759 -139.110
850 10.355 -105.041
852 11.511 -99.419
854 12.088 -108.529
856 12.675 -106.958
858 14.196 -106.535
860 15.537 -140.583
862 17.345 -136.180
864 19.924 -155.400
866 23.460 -47.185
868 23.569 -105.067
870 20.880 -118.329
872 20.389 -119.713
874 19.623 -126.191
876 16.805 -96.235
878 16.135 -20.435
880 14.375 -10.044
882 13.704 -6.883
884 12.259 -28.643
886 13.137 -43.082
888 13.394 -54.168
890 13.129 -57.408
892 11.243 -73.222
894 9.348 -90.867
896 11.462 -81.455
898 8.851 -90.926
900 11.064 -88.472
902 13.858 -64.986
904 11.999 -39.123
906 11.201 -10.071
908 8.909 -20.602
910 10.307 -20.028
912 9.521 -16.829
914 8.121 -10.177
916 6.167 -2.667
918 6.734 0.703
920 10.559 -10.628
922 11.671 -16.146
924 10.170 2.937
926 9.766 -1.266
928 8.582 -17.220
930 6.830 -20.010
932 5.654 2.370
934 6.409 -29.256
936 4.952 -11.714
938 5.519 2.593
940 5.851 -10.162
942 6.085 -19.372
944 6.650 -17.830
946 5.975 -35.825
948 6.831 -46.628
950 7.175 -60.622
952 7.838 -66.385
954 7.207 -100.103
956 6.576 -151.283
958 8.471 -172.259
960 10.005 -137.179
962 9.702 -33.327
964 7.931 2.959
966 11.769 -51.603
968 11.654 -78.396
970 11.927 -91.934
972 10.642 -112.010
974 9.595 -153.391
976 8.813 -176.220
978 8.246 -167.307
980 7.805 -157.074
982 7.767 -155.023
984 8.119 -148.426
986 7.216 -145.033
988 6.614 -132.949
990 8.020 -148.807
992 7.933 -128.337
994 7.563 -106.691
996 7.377 -103.681
998 7.590 -103.158
1000 7.834 -86.556
