0 41.205 -162.247
2 30.724 -165.178
4 23.295 -165.839
6 16.264 -168.691
8 9.685 -173.577
10 5.248 -166.542
12 2.460 -165.505
14 1.329 -171.346
16 1.398 -142.124
18 0.713 -113.992
20 5.117 -114.927
22 6.811 -124.457
24 7.527 -126.651
26 7.402 -138.520
28 7.883 -150.333
30 7.137 -130.382
32 6.977 -126.244
34 5.997 -123.134
36 5.709 -136.312
38 5.039 -164.909
40 4.648 -116.250
42 4.683 -111.768
44 5.166 -101.021
46 4.029 -175.532
48 3.402 -128.904
50 3.639 -119.105
52 4.335 -104.195
54 4.706 -96.556
56 4.998 -98.852
58 5.182 -95.748
60 4.821 -81.814
62 5.350 -72.671
64 6.297 -66.516
66 6.336 -65.509
68 6.425 -63.409
70 5.757 -56.798
72 4.555 -40.397
74 3.697 -14.769
76 4.017 -60.256
78 3.294 -45.009
80 4.496 -8.462
82 5.099 0.029
84 6.044 -6.578
86 6.678 1.823
88 14.407 -4.061
90 14.433 -2.791
92 14.560 -26.431
94 14.495 -42.073
96 14.486 -48.179
98 15.908 -56.669
100 16.148 -71.115
102 15.139 -82.126
104 15.417 -93.118
106 14.967 -106.423
108 15.194 -158.885
110 13.918 -136.205
112 11.860 -115.434
114 11.257 -77.619
116 11.605 -49.626
118 10.584 -28.964
120 11.233 -49.262
122 10.299 -72.852
124 9.243 -85.619
126 9.199 -86.321
128 8.840 -94.530
130 8.683 -102.885
132 8.804 -102.848
134 10.511 -99.175
136 8.853 -98.467
138 8.560 -99.212
140 8.478 -89.936
142 8.435 -75.887
144 9.236 -12.752
146 9.664 -9.133
148 10.115 -16.468
150 10.044 -26.512
152 10.795 -34.946
154 10.661 -30.350
156 9.258 -97.215
158 6.392 -127.283
160 4.866 -129.824
162 4.687 -129.825
164 4.480 -131.535
166 5.481 -133.674
168 5.271 -133.404
170 4.551 -134.356
172 4.914 -100.021
174 4.970 -17.748
176 5.565 -5.290
178 6.566 -8.333
180 5.939 1.191
182 3.945 -11.319
184 2.057 -57.570
186 2.004 -77.864
188 3.346 -88.996
190 3.778 -105.169
192 3.778 -113.593
194 4.069 -120.624
196 4.657 -127.465
198 5.411 -130.329
200 7.814 -139.851
202 9.486 -142.836
204 10.441 -145.638
206 12.283 -144.498
208 13.780 -147.341
210 14.935 -144.204
212 14.572 -139.712
214 13.641 -153.242
216 13.595 -169.345
218 12.836 -172.605
220 12.811 -163.717
222 12.411 -130.340
224 11.364 -53.028
226 10.310 -18.561
228 8.821 -14.329
230 7.427 -25.921
232 6.742 -44.809
234 6.837 -52.647
236 7.077 -54.033
238 6.753 -40.778
240 7.261 -28.154
242 6.400 -27.308
244 7.192 -27.916
246 7.664 -23.416
248 6.259 -29.173
250 4.627 -81.094
252 5.658 -157.806
254 5.269 -168.878
256 5.287 -173.438
258 5.711 -177.812
260 6.807 -152.415
262 8.424 -147.371
264 8.796 -144.183
266 9.375 -141.798
268 9.785 -140.436
270 9.395 -139.485
272 8.032 -141.323
274 7.103 -144.266
276 6.588 -153.479
278 6.673 -157.342
280 6.605 -154.237
282 6.612 -149.023
284 9.081 -148.952
286 8.903 -145.652
288 7.321 -134.675
290 6.362 -27.693
292 5.802 0.546
294 4.864 1.626
296 4.993 -10.444
298 6.237 -18.844
300 7.114 -19.446
302 8.383 -28.373
304 9.344 -29.018
306 8.636 -50.717
308 8.552 -68.513
310 7.916 -77.316
312 7.978 -84.590
314 7.854 -90.183
316 9.296 -89.660
318 9.465 -85.453
320 9.375 -81.315
322 9.759 -89.338
324 8.360 -83.472
326 7.564 -72.219
328 7.270 -93.017
330 7.826 -89.219
332 8.119 -39.794
334 7.588 -19.006
336 7.384 -50.885
338 7.437 -53.236
340 8.211 -46.323
342 8.597 -32.624
344 8.870 -12.070
346 10.041 -14.641
348 8.874 -74.779
350 8.295 -91.796
352 7.921 -109.865
354 7.976 -116.947
356 8.418 -128.809
358 7.447 -149.861
360 6.088 -149.084
362 6.219 -80.729
364 7.877 -45.613
366 8.013 -19.192
368 8.350 -116.742
370 8.726 -119.019
372 9.320 -123.999
374 9.712 -124.721
376 9.183 -126.248
378 7.944 -146.781
380 7.247 -169.596
382 6.542 -143.691
384 5.174 -140.919
386 4.218 -117.334
388 6.278 -27.318
390 6.257 -4.041
392 6.565 -41.236
394 9.445 -95.613
396 8.308 -141.933
398 8.091 -156.783
400 8.667 -156.044
402 8.009 -141.504
404 7.013 -120.250
406 5.975 -97.627
408 7.874 -81.779
410 7.644 -95.439
412 6.196 -148.914
414 5.754 -110.647
416 3.832 -105.627
418 3.742 -112.373
420 3.070 -114.968
422 2.686 -97.898
424 3.872 -40.643
426 4.885 -8.409
428 6.282 -3.598
430 7.060 1.586
432 8.093 0.087
434 7.114 -48.369
436 6.660 -107.929
438 6.002 -127.353
440 5.793 -128.416
442 5.468 -133.649
444 4.212 -154.498
446 4.315 -114.038
448 5.589 -77.950
450 5.440 -33.775
452 9.548 -37.901
454 10.589 -46.442
456 11.168 -45.497
458 11.694 -45.884
460 12.737 -46.335
462 13.372 -43.315
464 14.179 -45.357
466 13.802 -26.293
468 13.997 -10.685
470 13.710 -0.992
472 14.415 -10.149
474 14.857 -25.003
476 12.964 -22.417
478 11.127 -62.712
480 9.665 -76.918
482 8.517 -84.080
484 8.906 -89.909
486 8.814 -96.571
488 9.099 -105.262
490 9.238 -113.457
492 9.863 -119.386
494 6.904 -96.629
496 4.888 -47.158
498 3.695 -15.595
500 3.314 -4.906
502 3.168 -6.359
504 3.308 -13.236
506 4.267 -155.375
508 5.431 -156.299
510 5.489 -155.639
512 6.074 -128.577
514 7.531 -117.215
516 7.444 -127.753
518 6.043 -132.115
520 6.301 -121.627
522 6.068 -104.191
524 4.121 -52.329
526 3.537 -53.514
528 4.092 -64.073
530 3.048 -94.576
532 2.479 -110.927
534 4.159 -116.363
536 4.130 -105.781
538 5.097 -72.363
540 5.118 -28.276
542 4.445 -7.956
544 5.754 -71.055
546 6.641 -115.449
548 7.169 -132.456
550 7.529 -164.172
552 10.909 -155.810
554 10.813 -68.445
556 10.322 -36.688
558 10.216 -27.313
560 10.518 -17.198
562 11.366 -21.205
564 8.267 -1.418
566 5.756 0.042
568 5.373 -11.626
570 3.617 -32.448
572 4.074 -53.676
574 4.100 -80.779
576 4.537 -93.481
578 5.515 -103.867
580 6.648 -121.653
582 5.504 -148.696
584 4.742 -165.963
586 4.930 -151.510
588 5.750 -143.381
590 6.539 -138.140
592 5.653 -163.473
594 6.636 -140.158
596 6.045 -105.558
598 5.950 -84.876
600 7.473 -116.151
602 10.806 -141.860
604 12.551 -156.746
606 13.856 -166.325
608 12.085 -167.180
610 11.409 -161.248
612 9.729 -155.532
614 10.630 -157.038
616 9.937 -156.229
618 9.824 -157.533
620 10.198 -159.385
622 10.286 -165.173
624 10.192 -170.937
626 11.030 -173.195
628 9.213 -175.334
630 5.862 -13.607
632 4.046 -8.382
634 3.162 -23.494
636 3.848 1.848
638 4.043 -3.661
640 4.326 -14.058
642 5.484 -35.210
644 6.062 -69.969
646 5.613 -153.150
648 6.349 -169.126
650 6.431 -144.724
652 7.002 -141.458
654 6.498 -128.994
656 6.318 -124.198
658 6.571 -119.099
660 7.212 -116.106
662 7.642 -118.287
664 7.283 -108.512
666 8.307 -102.817
668 7.772 -96.146
670 7.440 -88.313
672 7.108 -80.098
674 8.903 -64.995
676 8.695 -52.246
678 9.209 -48.307
680 9.737 -41.801
682 9.444 -52.219
684 8.949 -64.267
686 8.302 -86.755
688 8.198 -96.830
690 6.941 -108.554
692 9.005 -105.225
694 9.209 -103.499
696 9.108 -113.881
698 9.666 -121.670
700 10.591 -134.009
702 11.651 -132.885
704 12.663 -141.351
706 9.690 -171.754
708 8.683 -157.040
710 6.752 -130.861
712 5.676 -119.852
714 5.480 -114.124
716 5.531 -135.377
718 5.522 -162.063
720 5.210 -159.803
722 5.697 -144.188
724 6.424 -129.742
726 4.974 -83.859
728 4.468 -13.534
730 3.717 0.961
732 3.196 2.336
734 2.974 -0.943
736 1.565 -1.955
738 4.162 -144.252
740 7.254 -98.558
742 8.305 -71.887
744 9.220 -65.724
746 9.920 -59.557
748 12.234 -52.860
750 11.904 -36.321
752 11.701 -13.219
754 11.513 -4.047
756 11.392 -0.943
758 10.715 -17.066
760 9.911 -35.164
762 8.638 -33.888
764 7.843 -25.573
766 7.349 -7.737
768 6.316 -7.606
770 5.863 -48.493
772 5.305 -86.701
774 5.910 -124.284
776 6.342 -59.057
778 6.105 -26.127
780 6.220 -32.286
782 8.390 -27.316
784 7.771 -49.571
786 6.723 -76.946
788 13.288 -117.257
790 13.427 -146.115
792 11.517 -161.252
794 10.485 -177.151
796 8.254 -173.659
798 8.519 -170.880
800 6.117 -157.358
802 3.806 -160.661
804 6.446 -155.892
806 7.178 -66.920
808 9.924 -34.427
810 9.667 -60.347
812 10.000 -77.448
814 11.056 -88.151
816 10.180 -75.313
818 7.625 -53.225
820 5.272 -41.821
822 4.405 -31.998
824 4.826 -24.201
826 4.764 -38.153
828 4.877 -74.399
830 5.325 -117.874
832 5.884 -132.925
834 6.410 -128.075
836 7.771 -19.642
838 8.811 -5.491
840 12.032 2.439
842 12.491 1.091
844 11.494 -36.387
846 9.665 -81.098
848 9.394 -97.642
850 8.642 -106.909
852 8.996 -111.248
854 7.570 -85.229
856 7.333 -34.769
858 7.498 -6.201
860 8.091 1.434
862 7.612 -5.130
864 8.758 -5.619
866 9.983 -9.125
868 11.738 -2.062
870 13.142 0.340
872 12.371 0.187
874 13.493 -4.163
876 14.873 -6.398
878 13.938 1.730
880 11.183 -46.020
882 9.330 -126.002
884 9.077 -149.240
886 9.275 -160.985
888 6.901 -103.397
890 4.806 -40.942
892 9.057 1.842
894 8.696 -15.707
896 8.753 -25.886
898 10.429 -52.042
900 9.376 -52.916
902 10.106 -73.352
904 9.343 -72.819
906 10.598 -62.842
908 10.545 -63.918
910 12.558 -51.420
912 13.227 -39.911
914 15.006 -34.871
916 13.296 -51.386
918 13.322 -95.986
920 12.891 -128.344
922 14.558 -113.616
924 14.832 -120.002
926 15.370 -113.823
928 15.358 -109.847
930 15.148 -88.630
932 13.822 -65.959
934 14.782 -65.233
936 12.554 -19.977
938 9.520 -20.576
940 8.100 -3.012
942 13.368 -166.722
944 13.583 -152.552
946 15.528 -143.813
948 16.122 -167.766
950 17.020 -131.548
952 15.030 -103.927
954 12.440 -46.686
956 14.660 -26.523
958 12.783 -75.676
960 13.074 -97.857
962 13.117 -110.357
964 13.156 -105.719
966 12.701 -69.836
968 12.212 -24.031
970 12.100 -7.724
972 11.657 -6.742
974 10.765 -3.614
976 10.511 -10.376
978 8.691 -7.164
980 9.582 -14.654
982 10.794 -41.692
984 10.668 -46.061
986 8.892 -35.473
988 11.849 -52.960
990 8.498 -108.780
992 7.306 -126.498
994 5.937 -137.669
996 5.105 -129.635
998 4.982 -111.043
1000 5.246 -110.227
