0 64.115 -51.918
2 52.941 -56.483
4 44.157 -45.316
6 44.464 -58.216
8 36.771 -43.056
10 33.223 -8.003
12 25.198 -24.208
14 18.527 -0.774
16 13.870 -10.191
18 10.019 -17.696
20 7.507 -16.507
22 3.781 -23.085
24 7.341 -13.281
26 10.770 -16.570
28 10.352 -17.711
30 10.997 0.417
32 13.426 -11.590
34 13.117 -8.114
36 9.340 -37.215
38 11.049 -80.882
40 10.060 -114.692
42 8.765 -137.245
44 7.312 -166.467
46 5.981 -172.127
48 6.756 -140.826
50 6.170 -118.357
52 5.558 -66.040
54 5.802 -35.869
56 6.998 -8.744
58 9.930 -11.204
60 9.475 -0.074
62 14.249 -26.041
64 14.731 -27.259
66 13.998 -26.487
68 14.916 -43.631
70 14.560 -60.539
72 14.128 -83.867
74 11.789 -120.872
76 12.096 -147.394
78 10.617 -163.842
80 7.663 -175.808
82 6.547 -171.286
84 6.880 -171.032
86 6.000 -168.465
88 6.526 -165.313
90 7.970 -157.637
92 8.559 -131.118
94 10.098 -103.484
96 10.300 -81.897
98 11.610 1.304
100 11.843 -23.462
102 11.621 -58.760
104 11.751 -82.703
106 9.755 -130.280
108 11.994 -128.516
110 11.557 -111.352
112 9.582 -74.435
114 12.782 -40.826
116 11.614 -73.649
118 11.386 -104.277
120 11.911 -97.312
122 15.335 -74.813
124 14.922 -53.348
126 13.716 -37.175
128 15.852 -20.796
130 16.053 -14.636
132 13.987 0.152
134 8.578 -16.070
136 11.612 -56.348
138 12.129 -89.409
140 12.437 -103.709
142 12.005 -109.295
144 12.817 -121.581
146 12.533 -146.747
148 11.480 -114.190
150 11.319 -93.048
152 9.511 -82.815
154 12.180 -87.029
156 10.452 -111.604
158 12.919 -165.296
160 15.175 -96.573
162 14.006 -81.080
164 13.939 -68.669
166 11.748 -32.692
168 10.900 -10.472
170 10.448 3.079
172 13.206 -19.315
174 14.125 -40.634
176 12.686 -88.796
178 13.154 -133.360
180 13.519 -172.407
182 11.873 -131.360
184 11.093 -152.785
186 8.743 -138.712
188 7.213 -81.077
190 6.411 -27.439
192 9.253 -60.851
194 11.719 -71.680
196 10.313 -11.577
198 9.204 -2.820
200 14.187 -134.317
202 14.180 -118.378
204 13.825 -65.969
206 13.041 -56.801
208 12.359 -60.678
210 11.417 -38.764
212 12.222 -25.973
214 15.111 -24.452
216 15.001 -36.796
218 13.327 -33.546
220 13.808 -25.922
222 12.715 -38.821
224 15.388 -72.543
226 14.529 -92.888
228 13.162 -121.698
230 12.965 -117.328
232 12.612 -60.817
234 13.136 -21.490
236 13.692 -26.549
238 13.829 -34.741
240 13.635 -36.021
242 15.046 -41.737
244 16.074 -45.734
246 18.222 -56.662
248 19.125 -82.680
250 19.225 -129.888
252 16.854 -167.452
254 14.972 -165.438
256 14.432 -162.477
258 12.626 -174.946
260 12.526 -36.943
262 12.919 -12.878
264 13.014 -6.936
266 14.228 -5.760
268 14.459 -16.786
270 13.610 -26.733
272 13.579 -16.464
274 12.304 -8.820
276 11.261 -5.026
278 9.079 -0.703
280 6.403 -19.303
282 4.096 -35.580
284 5.254 -61.629
286 7.783 -78.120
288 8.710 -104.181
290 8.231 -114.115
292 8.404 -114.359
294 7.083 -134.472
296 7.556 -94.063
298 9.798 -29.763
300 9.860 -21.675
302 7.101 -103.285
304 11.203 -130.849
306 11.697 -71.021
308 9.319 -48.985
310 12.518 -96.360
312 12.520 -162.161
314 12.043 -142.352
316 9.551 -147.079
318 8.925 -29.211
320 9.219 -43.519
322 12.263 -74.175
324 12.704 -71.696
326 13.064 -71.387
328 13.791 -101.753
330 14.040 -145.544
332 15.858 -165.024
334 16.872 -127.079
336 16.074 -110.086
338 15.230 -104.761
340 15.372 -101.935
342 17.955 -85.871
344 18.741 -71.970
346 19.905 -62.634
348 15.811 -42.011
350 11.016 -67.017
352 7.803 -18.482
354 13.043 -77.227
356 13.736 -88.826
358 12.563 -112.862
360 11.934 -3.550
362 11.526 1.685
364 13.155 0.659
366 13.216 1.478
368 13.846 -31.140
370 12.362 -76.459
372 14.345 -103.192
374 14.459 -164.197
376 12.553 -131.685
378 12.024 -105.799
380 10.691 -72.086
382 7.622 -60.234
384 5.238 -142.504
386 10.865 -87.083
388 9.807 -59.126
390 8.321 -71.522
392 6.230 -85.567
394 4.921 -30.202
396 7.899 -21.747
398 6.464 -88.345
400 9.118 -108.197
402 9.540 -110.011
404 12.357 -103.680
406 13.434 -80.597
408 14.605 -2.148
410 16.170 -157.904
412 18.487 -158.127
414 18.426 -170.525
416 18.244 -164.227
418 17.744 -155.229
420 15.115 -156.730
422 17.461 -157.401
424 16.877 -171.126
426 16.422 -149.359
428 17.903 -131.198
430 18.660 -108.794
432 19.093 -100.559
434 16.268 -127.576
436 11.718 -119.560
438 13.651 -111.348
440 11.946 -92.384
442 10.534 -54.006
444 11.579 -4.763
446 10.326 -61.495
448 10.001 -71.966
450 9.969 -78.503
452 10.311 -74.843
454 9.486 -71.774
456 10.688 -72.697
458 11.547 -73.636
460 11.638 -79.978
462 12.121 -67.520
464 9.668 -15.898
466 12.367 -32.465
468 11.788 -38.230
470 11.080 -37.721
472 11.770 -1.111
474 11.390 -3.286
476 11.701 -15.420
478 11.663 1.397
480 12.835 -0.245
482 12.476 1.863
484 11.445 3.101
486 14.310 0.450
488 14.156 -17.754
490 13.407 -20.146
492 11.846 -1.262
494 9.583 -60.515
496 9.336 -121.784
498 7.639 -115.181
500 13.642 -86.655
502 12.796 -82.106
504 19.220 -102.639
506 17.537 -154.380
508 15.016 -152.520
510 12.992 -139.640
512 10.900 -106.129
514 9.357 -77.390
516 7.456 -62.081
518 6.572 -56.718
520 5.449 -41.316
522 5.721 -0.035
524 5.987 -31.232
526 9.666 -168.096
528 8.561 -106.140
530 10.309 -134.349
532 11.361 -171.054
534 9.871 -122.546
536 9.473 -53.845
538 9.421 -24.896
540 10.133 -0.694
542 12.590 -0.414
544 12.432 -6.028
546 11.758 -3.492
548 13.701 1.547
550 12.194 -8.105
552 11.629 -15.544
554 9.046 -7.051
556 10.052 -33.115
558 13.415 -37.278
560 12.952 -24.638
562 12.321 -12.419
564 12.790 -40.312
566 12.602 -28.114
568 11.366 -22.480
570 11.882 -32.416
572 12.332 -44.622
574 13.520 -50.610
576 11.682 -70.709
578 11.380 -74.036
580 13.381 -58.951
582 11.837 -51.029
584 11.597 -47.173
586 11.143 -39.728
588 10.968 -41.036
590 11.506 -38.840
592 11.163 -52.566
594 10.128 -91.418
596 8.167 -127.668
598 8.005 -124.408
600 8.690 -110.964
602 10.812 -87.588
604 11.345 -94.839
606 10.499 -124.921
608 9.785 -136.445
610 10.178 -146.916
612 9.935 -161.069
614 10.393 -150.762
616 9.077 -141.083
618 12.926 -134.622
620 12.148 -111.254
622 10.843 -89.771
624 11.016 -104.108
626 11.516 -100.223
628 11.356 -107.110
630 11.557 -111.526
632 12.767 -144.238
634 13.674 -163.342
636 14.252 -159.652
638 14.411 -167.206
640 11.912 -167.304
642 16.823 -138.632
644 16.918 -142.310
646 14.252 -96.328
648 12.429 -75.834
650 12.158 -100.282
652 10.378 -80.621
654 13.901 -130.338
656 10.810 -140.266
658 17.823 -84.900
660 17.247 -79.592
662 15.152 -79.953
664 12.356 -45.599
666 14.442 -24.761
668 11.402 -6.733
670 11.688 0.658
672 12.792 -102.048
674 12.451 -131.563
676 11.317 -147.922
678 11.782 -132.600
680 13.218 -127.522
682 10.942 -126.829
684 9.061 -122.788
686 9.225 -100.364
688 11.311 -90.880
690 11.293 -73.546
692 11.767 -82.227
694 13.075 -118.065
696 11.709 -150.533
698 8.733 -157.328
700 10.266 -130.559
702 8.557 -127.326
704 7.906 -163.019
706 8.153 -147.046
708 9.678 -125.902
710 9.457 -92.918
712 10.465 -103.751
714 12.151 -119.665
716 12.583 -107.143
718 12.225 -98.099
720 10.668 -89.001
722 10.102 -35.047
724 13.082 -30.824
726 13.688 -59.187
728 13.948 -49.633
730 13.609 -24.848
732 13.656 -14.635
734 13.011 -7.631
736 13.210 -0.703
738 12.642 -24.174
740 13.733 -41.529
742 13.988 -50.858
744 13.596 -62.448
746 13.927 -76.062
748 11.769 -92.918
750 12.642 -112.567
752 9.697 -106.758
754 13.809 -89.324
756 13.704 -75.533
758 13.223 -72.324
760 13.295 -101.270
762 11.433 -50.807
764 14.662 -26.873
766 15.216 -46.895
768 14.212 -44.615
770 12.917 -54.380
772 12.468 -47.448
774 11.390 -62.663
776 10.815 -92.270
778 11.386 -110.321
780 11.061 -81.385
782 11.363 -51.091
784 11.062 -21.512
786 10.196 -2.638
788 8.948 -6.175
790 8.653 -16.972
792 10.081 -14.918
794 12.174 -10.743
796 12.826 -13.642
798 12.683 -43.418
800 9.214 -7.630
802 13.280 -22.709
804 12.233 -59.423
806 8.462 -120.623
808 5.929 -115.876
810 15.286 -75.865
812 14.639 -65.825
814 15.187 -99.585
816 13.592 -125.788
818 19.498 -138.857
820 18.070 -126.974
822 14.721 -10.501
824 12.271 0.977
826 8.738 1.322
828 6.105 -10.899
830 17.094 -19.392
832 16.319 -16.302
834 16.665 -98.414
836 15.991 -137.642
838 12.438 -87.311
840 10.713 -72.632
842 15.017 -25.283
844 10.601 -4.769
846 6.559 -5.432
848 14.111 -33.869
850 12.318 -46.796
852 14.111 -59.586
854 12.087 -41.690
856 13.508 -30.384
858 11.039 -32.864
860 9.337 -16.925
862 7.919 -46.940
864 10.780 -58.904
866 11.311 -71.328
868 9.127 -59.503
870 10.790 -74.339
872 8.996 -68.332
874 13.835 -57.682
876 12.544 -50.908
878 12.403 -54.089
880 15.081 -73.066
882 15.010 -73.639
884 15.794 -70.977
886 14.898 -50.399
888 12.886 -28.099
890 11.371 -19.294
892 10.955 -3.293
894 12.186 1.601
896 11.717 0.567
898 10.939 -6.968
900 10.958 -15.170
902 12.529 2.149
904 12.397 -25.343
906 13.953 1.761
908 16.017 -18.321
910 17.044 -10.787
912 16.258 -3.051
914 16.787 -1.209
916 15.333 1.016
918 13.990 -1.328
920 15.282 1.113
922 13.527 -5.861
924 12.523 -7.299
926 13.437 -19.451
928 12.126 -16.120
930 9.580 0.199
932 10.749 -41.219
934 9.337 -110.148
936 11.827 -111.056
938 12.151 -100.001
940 11.924 -83.212
942 12.185 -76.720
944 12.177 -35.834
946 9.020 0.267
948 8.861 0.659
950 7.261 -44.006
952 12.510 -164.559
954 15.483 -152.084
956 14.695 -119.276
958 12.282 -112.543
960 13.617 0.804
962 14.593 -17.881
964 10.879 -59.292
966 14.761 -166.631
968 14.056 -90.418
970 14.215 -66.619
972 11.320 -31.537
974 15.554 -50.949
976 12.937 -168.647
978 11.565 -169.007
980 12.293 -163.778
982 11.357 -170.638
984 16.437 -159.495
986 16.182 -159.964
988 18.369 -165.456
990 19.523 -161.920
992 15.211 -165.018
994 12.605 -133.889
996 10.871 -154.069
998 9.236 -165.190
1000 11.995 -105.796
