0 21.472 -6.457
2 18.604 0.464
4 14.623 -61.546
6 12.466 -146.939
8 10.505 -156.664
10 8.816 -162.831
12 9.158 -158.165
14 9.466 -164.233
16 9.442 -176.333
18 8.785 -160.482
20 8.921 -162.461
22 9.596 -154.010
24 11.297 -172.652
26 10.715 -12.031
28 11.377 0.549
30 11.804 -9.316
32 12.229 -11.845
34 12.476 -13.006
36 10.209 1.496
38 9.212 -9.642
40 7.377 -13.350
42 6.323 -20.484
44 6.319 -26.439
46 6.621 -26.847
48 6.751 -41.654
50 6.861 -38.674
52 7.151 -34.240
54 7.248 -27.652
56 7.392 -25.850
58 7.690 -28.511
60 8.070 -27.596
62 8.385 -30.955
64 6.593 -23.825
66 5.343 -0.481
68 4.028 -17.250
70 4.039 -5.653
72 4.087 -11.825
74 4.179 -29.169
76 3.146 -62.702
78 2.606 -65.442
80 2.870 -59.296
82 2.937 -50.549
84 4.078 -49.957
86 4.188 -52.639
88 4.478 -31.769
90 3.979 -45.689
92 3.967 -45.913
94 4.066 -52.570
96 4.264 -54.511
98 4.683 -38.290
100 5.538 -41.387
102 6.308 -40.126
104 6.918 -39.828
106 7.232 -42.741
108 7.598 -50.774
110 8.053 -50.563
112 8.361 -55.802
114 8.553 -52.341
116 8.536 -50.823
118 8.601 -44.147
120 8.858 -41.541
122 9.047 -43.230
124 9.266 -45.480
126 7.580 -61.360
128 6.359 -79.228
130 4.539 -110.442
132 4.120 -119.307
134 4.085 -128.961
136 3.844 -131.200
138 3.798 -139.452
140 5.462 -135.683
142 5.557 -140.381
144 5.679 -143.960
146 5.953 -147.529
148 6.043 -145.739
150 6.376 -144.488
152 7.055 -151.106
154 7.759 -147.362
156 7.986 -144.318
158 8.610 -158.077
160 8.866 -157.202
162 9.140 -162.826
164 9.424 -162.804
166 9.671 -167.181
168 10.120 -161.630
170 10.445 -165.575
172 8.604 -162.722
174 6.108 -120.478
176 3.305 -71.657
178 3.005 -64.629
180 1.115 -54.441
182 1.609 -69.677
184 1.102 -55.215
186 2.668 -53.048
188 3.498 -49.567
190 4.787 -82.455
192 7.215 -125.244
194 8.248 -119.240
196 9.145 -135.696
198 9.501 -145.802
200 9.764 -148.744
202 10.262 -152.453
204 10.910 -151.466
206 11.109 -161.770
208 11.333 -152.518
210 11.741 -150.025
212 11.990 -151.666
214 12.225 -161.539
216 9.848 -166.668
218 8.156 -143.789
220 6.457 -130.080
222 6.786 -126.002
224 5.538 -112.162
226 5.263 -109.596
228 4.922 -95.990
230 5.137 -76.465
232 7.298 -65.371
234 8.600 -51.342
236 9.546 -29.540
238 10.723 -23.548
240 11.341 -19.632
242 12.040 -32.156
244 9.696 -30.572
246 8.953 -24.852
248 8.017 -29.951
250 7.534 -32.468
252 6.843 -42.903
254 6.619 -51.530
256 6.717 -45.473
258 6.788 -43.518
260 6.955 -40.784
262 7.766 -37.936
264 6.415 -35.289
266 5.514 -40.288
268 4.081 -35.678
270 3.249 -31.520
272 3.151 -33.139
274 3.369 -43.072
276 3.418 -42.815
278 3.161 -36.261
280 3.078 -28.330
282 3.778 -45.465
284 3.321 -128.897
286 2.598 -142.555
288 2.506 -126.296
290 2.420 -133.938
292 2.618 -150.026
294 2.748 -158.847
296 2.927 -162.258
298 3.613 -156.122
300 3.950 -163.610
302 4.220 -160.285
304 4.417 -168.144
306 4.452 -158.169
308 4.045 -144.745
310 3.895 -143.099
312 3.810 -133.287
314 3.704 -128.228
316 3.596 -122.580
318 3.403 -117.121
320 3.200 -127.226
322 3.351 -126.786
324 3.981 -120.128
326 4.132 -110.820
328 4.363 -113.636
330 5.244 -104.777
332 5.241 -111.651
334 5.547 -113.852
336 5.674 -107.524
338 6.519 -109.894
340 7.016 -106.656
342 7.318 -110.842
344 7.623 -108.377
346 7.892 -104.990
348 7.977 -110.637
350 8.145 -109.135
352 6.165 -134.076
354 5.120 -151.869
356 2.434 -165.592
358 3.033 -154.161
360 3.583 -159.047
362 2.475 -164.443
364 2.202 -171.196
366 2.045 -170.280
368 2.537 -164.179
370 3.962 -162.579
372 4.697 -162.607
374 5.693 -170.322
376 6.348 -172.303
378 7.074 -173.045
380 7.419 -176.449
382 7.669 -164.965
384 8.037 -163.036
386 8.411 -169.435
388 8.679 -170.972
390 8.961 -170.754
392 6.412 -160.334
394 3.809 -132.343
396 2.621 -99.228
398 2.960 -78.127
400 3.382 -81.613
402 4.172 -71.906
404 4.841 -73.066
406 4.660 -77.758
408 5.420 -73.602
410 6.195 -72.598
412 7.422 -68.170
414 6.609 -55.440
416 6.176 -44.951
418 5.461 -7.111
420 4.626 -8.551
422 4.312 -14.992
424 4.192 -24.449
426 4.215 -30.969
428 3.812 -23.652
430 3.792 -26.154
432 3.527 -25.605
434 3.096 -27.758
436 3.310 -28.461
438 3.076 -30.467
440 3.205 -35.594
442 2.730 -30.295
444 2.443 -62.957
446 1.863 -104.788
448 1.951 -107.175
450 2.071 -99.871
452 2.549 -94.380
454 2.782 -89.802
456 3.099 -93.353
458 3.264 -110.795
460 3.505 -99.410
462 3.708 -106.854
464 4.058 -94.880
466 4.350 -102.328
468 4.889 -88.770
470 5.117 -82.647
472 5.305 -90.951
474 5.675 -102.128
476 5.549 -129.582
478 5.686 -135.855
480 5.049 -140.631
482 7.104 -144.604
484 7.588 -149.961
486 8.087 -148.064
488 8.766 -145.071
490 7.596 -169.546
492 6.957 -166.423
494 5.592 -134.187
496 5.106 -127.609
498 5.054 -115.626
500 4.849 -118.561
502 4.955 -120.882
504 4.877 -122.024
506 5.286 -118.159
508 5.665 -118.159
510 5.734 -117.757
512 5.926 -110.900
514 6.370 -110.744
516 6.717 -112.226
518 5.938 -142.791
520 5.911 -165.221
522 5.915 -160.180
524 6.192 -151.257
526 6.504 -144.868
528 7.062 -132.787
530 7.467 -134.033
532 7.924 -126.667
534 8.014 -134.547
536 8.355 -131.372
538 9.011 -128.148
540 9.258 -128.029
542 9.476 -134.809
544 9.813 -129.038
546 9.752 -136.042
548 9.209 -145.607
550 8.723 -158.027
552 8.081 -167.437
554 7.509 -150.665
556 7.403 -148.164
558 7.280 -140.965
560 7.133 -137.839
562 6.958 -134.187
564 6.741 -134.998
566 6.568 -130.885
568 6.546 -128.525
570 6.554 -134.359
572 6.507 -134.799
574 6.452 -139.130
576 6.459 -136.592
578 6.352 -132.935
580 5.256 -145.440
582 4.708 -147.864
584 3.712 -154.332
586 3.198 -154.585
588 2.856 -157.617
590 2.961 -168.068
592 3.204 -163.342
594 3.450 -166.612
596 3.691 -165.932
598 4.004 -163.368
600 4.338 -170.220
602 4.669 -175.387
604 3.437 -172.231
606 2.537 -155.976
608 2.167 -32.587
610 2.116 -13.022
612 2.321 -3.226
614 2.451 2.230
616 2.636 0.902
618 2.724 -1.268
620 3.148 -5.916
622 3.474 2.018
624 3.184 2.477
626 2.301 -31.423
628 1.607 -78.386
630 1.335 -104.002
632 1.505 -115.290
634 1.628 -122.326
636 1.660 -118.478
638 1.898 -121.717
640 2.451 -139.546
642 2.914 -160.405
644 3.398 -125.059
646 3.764 -70.873
648 4.112 -50.406
650 4.593 -45.302
652 4.806 -45.147
654 5.220 -42.300
656 5.575 -38.506
658 5.763 -43.430
660 6.083 -40.468
662 6.458 -37.341
664 6.866 -37.747
666 5.798 -34.614
668 5.077 -30.910
670 5.219 -29.686
672 4.790 -42.873
674 5.108 -39.963
676 4.739 -45.443
678 4.439 -47.283
680 4.371 -45.838
682 4.933 -43.502
684 5.207 -40.048
686 5.744 -39.457
688 5.253 -50.174
690 4.555 -58.716
692 3.679 -58.643
694 3.211 -49.998
696 2.756 -52.980
698 2.432 -52.167
700 2.486 -58.574
702 2.234 -53.576
704 2.467 -43.748
706 2.510 -39.498
708 2.806 -42.720
710 3.176 -47.690
712 3.525 -54.664
714 4.381 0.074
716 5.040 -110.405
718 5.269 -130.974
720 5.401 -130.480
722 5.448 -123.186
724 5.659 -118.777
726 6.060 -115.276
728 6.366 -110.905
730 6.657 -116.830
732 6.806 -113.251
734 7.133 -117.781
736 7.507 -119.302
738 7.567 -123.568
740 7.557 -124.730
742 7.753 -123.718
744 8.000 -123.100
746 8.254 -129.999
748 7.183 -146.146
750 7.128 -174.253
752 6.612 -122.899
754 6.767 -101.110
756 6.382 -84.260
758 5.707 -68.337
760 5.819 -80.643
762 5.669 -74.596
764 5.482 -82.281
766 6.087 -79.901
768 5.756 -68.733
770 6.458 -67.024
772 7.593 -77.787
774 6.940 -74.358
776 5.383 -78.346
778 3.474 -81.880
780 2.607 -91.369
782 2.858 -95.458
784 2.843 -105.799
786 2.630 -102.809
788 2.662 -101.537
790 3.044 -94.941
792 3.326 -95.872
794 4.087 -88.030
796 4.475 -88.883
798 3.715 -63.103
800 3.805 -29.947
802 3.329 -15.265
804 3.027 -6.272
806 2.438 1.411
808 2.669 1.504
810 2.808 2.071
812 2.811 1.556
814 1.941 -0.446
816 2.311 -0.951
818 2.643 -6.501
820 3.320 -15.278
822 3.965 -19.526
824 3.766 -15.883
826 3.945 -15.369
828 4.182 -26.263
830 4.353 -24.760
832 4.096 -12.384
834 3.938 -8.832
836 4.052 -11.246
838 4.521 -13.243
840 3.742 0.584
842 3.806 1.216
844 3.760 -2.755
846 4.137 -4.123
848 4.564 -14.254
850 5.023 -7.309
852 5.392 -12.470
854 5.985 -12.236
856 6.093 -11.225
858 5.987 -11.746
860 6.871 -12.499
862 4.665 1.491
864 3.037 1.403
866 1.982 1.637
868 1.386 1.208
870 1.239 1.523
872 1.318 -0.698
874 1.887 -0.602
876 2.512 1.190
878 1.813 0.761
880 2.458 2.352
882 0.288 -4.085
884 2.870 -15.611
886 4.324 -21.353
888 6.322 -38.937
890 7.353 -39.018
892 7.769 -41.207
894 7.914 -46.113
896 8.043 -46.860
898 7.873 -44.205
900 7.512 -52.203
902 7.538 -53.693
904 5.929 -33.053
906 4.640 -11.410
908 3.204 -8.897
910 2.355 -16.067
912 1.538 -24.483
914 0.992 -37.891
916 1.481 -45.699
918 1.765 -48.894
920 2.077 -43.372
922 2.638 -50.888
924 2.879 -50.836
926 2.458 -59.400
928 2.917 -72.635
930 3.089 -70.302
932 3.040 -68.712
934 2.942 -61.945
936 2.724 -61.265
938 2.666 -56.651
940 1.807 -87.472
942 3.379 -101.456
944 4.787 -113.134
946 5.628 -116.725
948 6.609 -120.942
950 7.648 -125.758
952 8.430 -136.130
954 8.979 -139.071
956 9.506 -136.298
958 9.126 -137.110
960 8.846 -127.089
962 8.991 -115.270
964 9.745 -96.987
966 9.559 -87.365
968 9.902 -84.105
970 10.129 -77.419
972 9.359 -76.288
974 8.907 -25.541
976 8.581 -108.444
978 8.956 -91.465
980 9.235 -90.863
982 9.648 -91.028
984 9.882 -93.315
986 10.302 -92.453
988 11.024 -100.360
990 10.700 -104.857
992 10.261 -120.776
994 9.600 -137.766
996 9.852 -143.682
998 9.941 -154.815
1000 10.273 -152.152
