0 21.054 -139.748
2 18.092 -147.810
4 15.040 -156.444
6 13.575 -162.578
8 12.778 -178.180
10 11.573 -167.634
12 10.625 -134.705
14 9.643 -73.717
16 8.242 -30.877
18 8.265 -25.974
20 7.752 -22.927
22 8.680 -19.921
24 7.425 -27.143
26 6.747 -36.601
28 6.018 -44.107
30 6.163 -46.237
32 6.731 -52.960
34 4.745 -48.739
36 4.635 -44.028
38 3.843 -75.475
40 3.864 -84.664
42 3.393 -92.102
44 3.761 -98.092
46 4.618 -105.554
48 5.685 -112.721
50 6.482 -29.241
52 6.563 -42.608
54 8.543 -50.102
56 8.899 -43.981
58 8.264 1.599
60 7.745 -47.819
62 10.484 -77.597
64 10.404 -84.356
66 10.819 -95.658
68 9.725 -139.978
70 9.046 -82.154
72 8.747 -82.610
74 8.267 -67.416
76 8.382 -60.710
78 8.749 -60.615
80 8.517 -63.307
82 7.670 -63.637
84 7.161 -61.655
86 7.024 -59.051
88 6.907 -57.781
90 7.164 -55.605
92 7.956 -52.520
94 8.436 -63.153
96 8.628 -70.827
98 9.161 -103.129
100 9.995 -103.493
102 10.493 -107.372
104 11.413 -108.817
106 12.269 -110.116
108 10.246 -95.922
110 9.894 -92.748
112 10.095 -92.338
114 10.097 -87.727
116 8.923 -88.321
118 8.239 -86.642
120 6.019 -85.245
122 5.188 -55.466
124 6.210 -27.241
126 6.135 1.188
128 6.528 1.232
130 7.076 -12.720
132 6.829 -17.998
134 6.930 -18.478
136 7.107 -23.748
138 6.116 -47.777
140 5.566 -70.661
142 4.728 -91.590
144 4.894 -94.737
146 4.245 -102.429
148 4.148 -102.931
150 4.241 -97.760
152 3.575 -110.509
154 3.575 -117.065
156 4.010 -124.879
158 4.292 -128.855
160 4.516 -134.552
162 4.727 -136.517
164 4.840 -142.739
166 5.638 -149.458
168 5.161 -151.148
170 6.239 -145.183
172 7.598 -161.912
174 8.442 -26.175
176 9.967 -23.513
178 11.036 -12.885
180 12.294 -18.354
182 11.353 -50.047
184 9.642 -87.043
186 8.759 -99.576
188 8.245 -117.165
190 7.488 -123.313
192 6.986 -131.724
194 6.683 -139.675
196 6.212 -151.324
198 4.608 -166.448
200 4.342 -156.811
202 3.760 -152.844
204 4.138 -149.123
206 4.869 -146.387
208 4.844 -141.026
210 5.116 -134.808
212 5.630 -132.648
214 6.337 -129.037
216 7.032 -131.086
218 7.836 -125.336
220 8.604 -125.712
222 9.608 -124.587
224 10.548 -127.487
226 10.014 -118.518
228 9.683 -81.544
230 10.036 -16.922
232 9.910 -8.540
234 10.376 -9.663
236 10.052 -17.174
238 10.168 -29.119
240 10.222 -39.081
242 9.932 -54.100
244 10.338 -61.436
246 10.984 -61.661
248 11.036 -60.450
250 11.332 -64.621
252 11.913 -70.600
254 12.802 -66.237
256 11.062 -66.265
258 9.511 -64.646
260 8.576 -62.185
262 7.379 -62.354
264 5.880 -63.816
266 5.157 -63.702
268 6.415 -62.184
270 5.894 -64.224
272 5.162 -66.971
274 4.878 -62.731
276 3.435 -52.684
278 3.752 -46.844
280 4.004 -34.070
282 4.534 -25.391
284 4.257 -26.034
286 4.805 -22.083
288 5.579 -32.136
290 6.109 -53.270
292 7.022 -64.755
294 6.993 -94.827
296 7.850 -29.073
298 8.527 -37.709
300 9.331 -42.281
302 10.408 -42.291
304 12.075 -39.708
306 13.732 -42.813
308 14.528 -44.819
310 14.463 -64.562
312 14.857 -97.292
314 14.690 -114.961
316 16.051 -112.110
318 20.256 -85.840
320 20.712 -80.254
322 19.886 -78.372
324 19.923 -80.488
326 19.041 -89.082
328 19.362 -62.442
330 19.307 -24.663
332 20.134 2.022
334 22.579 -0.065
336 23.366 -1.508
338 22.284 -20.664
340 22.063 -26.122
342 19.767 -41.079
344 20.243 -75.896
346 22.007 -76.732
348 22.324 -118.699
350 23.526 -128.061
352 25.409 -170.312
354 25.642 -174.693
356 24.694 -165.316
358 26.108 -164.939
360 27.199 -176.267
362 28.977 -169.576
364 30.668 -163.539
366 29.808 -121.417
368 27.182 -58.348
370 21.101 -24.142
372 15.959 -19.603
374 11.505 -18.330
376 9.353 -23.492
378 8.861 -32.175
380 6.276 -38.138
382 5.956 -43.326
384 5.995 -42.188
386 6.710 -40.114
388 6.765 -39.675
390 7.130 -38.846
392 6.579 -38.806
394 7.010 -35.824
396 7.229 -37.587
398 7.880 -35.169
400 8.464 -31.993
402 6.997 -11.720
404 5.848 1.394
406 4.747 -6.196
408 4.270 -21.043
410 5.156 -23.604
412 6.762 -23.879
414 6.877 -8.995
416 7.010 -4.726
418 6.950 -3.501
420 8.367 -35.788
422 7.905 -44.965
424 8.533 -53.731
426 9.253 -59.392
428 10.298 -67.377
430 11.059 -68.239
432 11.901 -69.778
434 12.471 -68.822
436 11.812 -78.213
438 10.160 -101.705
440 9.497 -112.448
442 8.743 -127.751
444 8.913 -140.362
446 8.602 -152.581
448 8.190 -156.771
450 8.772 -167.508
452 8.371 -169.469
454 8.690 -164.173
456 6.997 -172.281
458 5.200 -58.250
460 4.552 -34.564
462 4.012 -28.062
464 2.526 -15.399
466 2.090 -10.405
468 1.528 1.110
470 2.652 -0.850
472 1.372 2.338
474 3.979 -2.816
476 4.384 -3.272
478 5.377 -4.002
480 5.452 -0.293
482 5.342 -1.733
484 5.951 1.803
486 6.266 0.684
488 6.623 3.047
490 5.641 -4.142
492 5.523 -18.720
494 5.725 -32.555
496 5.458 -40.230
498 5.594 -50.921
500 6.074 -55.017
502 6.182 -55.100
504 5.963 -46.848
506 6.195 -21.962
508 6.034 -2.363
510 6.019 1.381
512 6.716 2.953
514 7.507 -0.874
516 6.451 0.898
518 4.529 -38.103
520 3.310 -86.718
522 2.792 -110.572
524 2.576 -114.430
526 2.571 -123.523
528 3.832 -103.097
530 4.824 -83.318
532 6.063 -69.028
534 7.245 -63.456
536 7.749 -57.590
538 9.158 -56.868
540 9.019 -55.128
542 8.122 -72.832
544 7.606 -102.253
546 7.699 -114.940
548 7.505 -121.787
550 7.413 -123.998
552 7.717 -114.781
554 7.406 -104.525
556 6.905 -104.352
558 7.044 -104.475
560 5.769 -85.766
562 6.250 -44.540
564 5.941 -1.321
566 5.634 3.055
568 5.800 -9.377
570 5.792 -15.224
572 4.582 -30.115
574 3.534 -45.157
576 1.984 -54.988
578 1.530 -60.613
580 2.799 -47.788
582 3.200 -32.635
584 1.940 -11.230
586 6.740 1.924
588 6.307 -4.741
590 6.364 -22.106
592 6.948 -30.803
594 7.541 -26.607
596 8.092 -12.540
598 8.056 0.538
600 7.871 -17.645
602 8.046 -27.652
604 7.134 -45.371
606 7.650 -83.021
608 6.226 -103.191
610 6.819 -113.499
612 7.813 -154.634
614 9.217 -133.496
616 8.983 -127.415
618 7.880 -125.703
620 6.326 -130.957
622 8.482 -139.610
624 9.260 -161.256
626 11.174 -173.088
628 7.715 -150.258
630 10.084 -82.308
632 8.926 -17.672
634 8.275 2.581
636 7.475 2.948
638 6.881 -97.415
640 6.691 -135.649
642 6.669 -132.419
644 7.007 -119.823
646 7.749 -127.311
648 8.508 -127.916
650 7.217 -147.136
652 5.200 -167.293
654 4.386 -155.516
656 5.069 -145.915
658 6.026 -136.973
660 5.037 -146.942
662 4.383 -136.869
664 4.608 -129.906
666 4.593 -165.192
668 4.324 -100.822
670 5.361 -91.105
672 5.652 -38.095
674 6.279 -110.116
676 7.252 1.001
678 7.955 -5.514
680 7.016 -45.862
682 5.923 -60.529
684 4.422 -72.371
686 3.976 -120.583
688 3.901 -165.967
690 4.485 -135.116
692 4.618 -118.234
694 5.353 -116.455
696 5.910 -113.288
698 8.282 -134.797
700 8.884 -145.183
702 9.525 -160.437
704 10.008 -173.376
706 10.090 -168.878
708 7.966 -157.091
710 7.007 -138.524
712 6.259 -106.390
714 6.624 -83.672
716 7.009 -75.981
718 7.029 -66.382
720 6.758 -71.198
722 6.750 -78.491
724 6.790 -95.464
726 7.027 -114.912
728 9.154 -84.806
730 10.397 -84.439
732 11.797 -74.093
734 12.795 -72.623
736 13.697 -72.362
738 15.086 -69.693
740 15.532 -74.463
742 15.831 -78.729
744 14.250 -107.107
746 13.364 -123.065
748 11.755 -138.801
750 10.729 -146.391
752 11.033 -147.056
754 10.576 -135.355
756 10.854 -130.928
758 10.211 -130.509
760 10.747 -131.158
762 10.790 -134.496
764 10.393 -126.415
766 11.400 -123.344
768 8.887 -139.806
770 7.492 -171.292
772 7.332 -167.275
774 6.688 -157.528
776 6.119 -154.224
778 5.906 -154.132
780 5.516 -166.735
782 5.061 -162.001
784 4.707 -148.044
786 4.665 -143.728
788 5.427 -137.281
790 5.813 -142.016
792 5.343 -157.603
794 5.564 -160.861
796 5.805 -166.154
798 5.865 -171.333
800 6.313 -169.746
802 6.920 -156.901
804 5.297 -159.465
806 4.038 -161.720
808 3.992 -161.881
810 3.791 -157.383
812 3.849 -156.650
814 3.967 -161.340
816 3.046 -155.324
818 2.121 -151.781
820 1.833 -5.141
822 2.067 0.911
824 3.044 -1.983
826 3.278 -5.296
828 3.598 1.517
830 3.764 -9.758
832 3.804 -20.249
834 3.862 -29.110
836 4.314 -30.949
838 4.900 -30.568
840 5.371 -31.673
842 4.914 -16.492
844 4.768 -11.527
846 5.373 -13.992
848 4.976 -5.473
850 5.458 -6.376
852 5.254 -6.744
854 5.126 -16.939
856 5.914 -5.167
858 6.480 -5.594
860 6.475 -6.006
862 6.990 -5.019
864 7.819 -1.869
866 8.519 -3.991
868 9.368 -6.061
870 8.981 1.135
872 7.899 -12.353
874 7.608 -18.480
876 7.096 -18.480
878 6.815 -23.124
880 6.644 -29.244
882 6.678 -27.312
884 6.441 -24.839
886 5.706 -3.253
888 4.962 -11.319
890 4.564 -34.009
892 4.648 -35.345
894 4.762 -46.100
896 4.408 -62.604
898 4.618 -67.967
900 5.067 -68.003
902 4.742 -60.299
904 4.036 -56.394
906 2.814 -41.230
908 4.062 -28.944
910 3.430 -24.727
912 3.343 -30.774
914 3.708 -35.294
916 4.070 -33.738
918 4.969 -38.756
920 6.393 -49.590
922 6.836 -53.927
924 7.270 -61.489
926 7.798 -62.333
928 8.425 -66.097
930 8.628 -65.340
932 9.994 -74.706
934 10.841 -78.577
936 11.491 -66.780
938 12.253 -63.339
940 13.071 -57.230
942 12.760 -68.316
944 10.696 -51.923
946 9.980 -47.974
948 8.950 -46.326
950 7.564 -39.652
952 7.140 -43.403
954 7.930 -51.366
956 8.240 -62.107
958 5.970 -62.493
960 5.585 -62.922
962 6.495 -95.733
964 7.096 -151.525
966 7.373 -135.161
968 5.986 -115.067
970 5.489 -105.542
972 7.061 -104.208
974 7.807 -123.679
976 7.156 -56.450
978 6.997 -53.407
980 6.544 -37.661
982 4.047 -33.407
984 6.588 -59.995
986 6.378 -73.780
988 6.762 -69.781
990 6.650 -83.909
992 7.183 -81.325
994 5.243 -95.459
996 4.026 -92.780
998 3.178 -87.380
1000 3.035 -89.114
