0 22.394 -131.975
2 17.828 -120.473
4 13.363 -115.523
6 10.761 -111.239
8 7.817 -105.544
10 5.521 -101.339
12 4.728 -92.765
14 4.190 -94.495
16 3.170 -90.536
18 3.415 -89.599
20 2.911 -78.187
22 3.714 -76.707
24 4.535 -77.731
26 5.437 -83.838
28 6.370 -81.814
30 7.966 -94.588
32 8.482 -117.914
34 8.835 -159.883
36 9.164 -167.205
38 9.606 -165.867
40 9.168 -60.182
42 6.641 -46.847
44 5.367 -53.523
46 3.587 -42.378
48 2.774 -52.092
50 2.407 -69.324
52 3.251 -116.624
54 4.206 -157.096
56 4.810 -175.732
58 6.243 -172.905
60 5.600 -173.951
62 5.527 -162.343
64 4.369 -150.906
66 3.478 -141.677
68 3.566 -133.219
70 4.214 -130.845
72 4.559 -127.624
74 5.612 -115.107
76 6.488 -126.354
78 6.540 -117.927
80 6.816 -124.655
82 8.008 -117.957
84 8.546 -116.792
86 8.569 -120.043
88 8.012 -122.551
90 8.433 -121.210
92 9.342 -114.942
94 9.739 -112.916
96 9.961 -116.467
98 9.828 -109.605
100 9.470 -115.221
102 9.283 -137.123
104 8.832 -71.474
106 8.451 -67.278
108 8.245 -62.859
110 8.099 -65.104
112 7.734 -81.414
114 7.484 -84.025
116 7.191 -85.274
118 7.451 -84.753
120 7.390 -74.320
122 5.115 -79.160
124 3.703 -77.893
126 2.108 -87.806
128 2.318 -79.760
130 2.487 -86.387
132 3.237 -90.488
134 3.479 -87.708
136 2.650 -96.504
138 2.672 -106.045
140 0.702 -136.531
142 0.718 -142.860
144 0.867 -143.322
146 0.951 -149.337
148 1.194 -144.296
150 1.376 -147.093
152 1.623 -145.739
154 1.548 -147.613
156 1.609 -147.071
158 1.566 -144.902
160 1.670 -149.325
162 1.741 -153.482
164 1.690 -151.054
166 1.837 -151.590
168 1.761 -150.209
170 1.737 -149.271
172 1.677 -140.308
174 2.130 -144.777
176 2.699 -161.434
178 3.487 -170.578
180 4.071 -170.918
182 4.488 -178.063
184 4.951 -174.897
186 5.436 -177.844
188 5.816 -177.385
190 5.834 -177.647
192 5.969 -161.400
194 6.101 -178.832
196 6.198 -175.386
198 6.258 -161.335
200 6.243 -165.191
202 6.241 -164.151
204 6.333 -178.980
206 6.429 -166.359
208 6.339 -160.291
210 6.715 -139.582
212 7.105 -112.791
214 7.290 -99.863
216 7.558 -68.534
218 7.835 -75.646
220 7.975 -66.435
222 7.971 -63.804
224 8.107 -61.746
226 8.116 -58.888
228 8.158 -48.086
230 8.087 -47.380
232 7.221 -42.551
234 5.584 -32.302
236 4.060 -26.995
238 2.908 -21.450
240 2.571 -21.971
242 2.141 -8.278
244 2.160 -9.699
246 0.721 -23.937
248 0.431 -45.166
250 1.484 -69.039
252 2.305 -85.562
254 2.667 -92.854
256 3.190 -98.899
258 3.345 -93.623
260 3.419 -91.683
262 3.454 -90.549
264 3.055 -85.937
266 3.834 -101.353
268 2.502 -78.177
270 0.744 -62.361
272 1.563 -34.140
274 1.973 -35.159
276 2.096 -38.492
278 2.591 -33.029
280 2.780 -32.449
282 2.901 -31.430
284 2.995 -22.052
286 3.877 -26.897
288 4.098 -25.356
290 4.363 -25.891
292 3.732 -35.453
294 3.410 -38.505
296 3.300 -45.195
298 3.584 -55.154
300 3.800 -51.055
302 3.911 -51.758
304 3.947 -48.018
306 3.833 -39.763
308 3.960 -46.007
310 3.946 -51.117
312 3.625 -57.306
314 3.428 -78.236
316 4.342 -85.039
318 5.267 -92.578
320 5.568 -102.007
322 5.663 -113.125
324 3.241 -58.975
326 1.672 -27.435
328 1.319 -25.045
330 1.562 -30.498
332 1.727 -24.311
334 2.479 -17.363
336 3.082 -9.794
338 3.458 -6.897
340 3.670 -3.818
342 4.804 -0.967
344 4.780 -4.972
346 4.455 -4.484
348 4.770 -12.158
350 5.379 -12.952
352 5.481 -7.643
354 6.064 -7.588
356 4.557 -6.844
358 3.276 -0.152
360 2.919 -0.431
362 1.399 2.681
364 0.663 -4.047
366 1.430 0.858
368 1.474 1.942
370 1.915 2.854
372 2.241 1.545
374 2.866 -0.968
376 2.604 -1.919
378 2.571 1.247
380 2.827 1.934
382 2.726 -6.772
384 2.707 -4.680
386 2.601 -41.565
388 2.770 -60.622
390 3.000 -67.154
392 3.008 -61.473
394 3.301 -74.428
396 3.516 -79.560
398 3.658 -90.256
400 3.806 -87.029
402 4.203 -91.455
404 4.510 -91.477
406 4.884 -91.076
408 4.805 -93.220
410 3.342 -86.778
412 2.634 -79.720
414 2.216 -69.787
416 2.763 -74.591
418 3.384 -71.808
420 4.065 -77.474
422 4.205 -83.627
424 4.445 -86.654
426 4.668 -85.553
428 4.722 -87.329
430 4.873 -76.282
432 5.147 -72.233
434 5.223 -73.232
436 5.116 -78.245
438 5.258 -72.073
440 4.388 -77.237
442 4.081 -81.746
444 3.981 -78.534
446 4.134 -80.963
448 4.287 -84.639
450 4.560 -78.021
452 4.688 -76.620
454 5.111 -73.676
456 5.393 -75.205
458 5.564 -75.673
460 5.765 -76.558
462 5.852 -80.014
464 5.886 -73.601
466 5.809 -71.538
468 5.739 -69.996
470 5.663 -64.089
472 4.055 -52.215
474 2.891 -56.707
476 2.441 -55.439
478 2.370 -53.508
480 2.075 -46.595
482 2.577 -38.847
484 3.055 -39.625
486 3.390 -30.136
488 3.242 -26.750
490 3.408 -33.815
492 2.155 -48.131
494 0.804 -7.726
496 0.608 -108.427
498 1.636 -98.800
500 1.507 -102.605
502 2.457 -99.384
504 2.859 -97.630
506 4.006 -89.964
508 5.336 -78.445
510 6.435 -87.355
512 6.879 -95.222
514 7.002 -97.706
516 8.237 -100.194
518 8.965 -102.542
520 8.535 -85.098
522 9.610 -92.605
524 10.020 -96.925
526 8.801 -84.387
528 7.259 -61.578
530 5.452 -43.429
532 5.956 -42.173
534 5.095 -40.341
536 4.991 -44.575
538 4.425 -47.696
540 3.832 -43.664
542 2.785 -37.575
544 2.358 -13.221
546 3.420 -5.929
548 4.277 1.318
550 5.519 -8.296
552 6.398 -10.369
554 6.814 -16.221
556 8.055 -24.444
558 9.490 -24.727
560 9.821 -23.176
562 7.195 -49.601
564 4.964 -66.739
566 2.941 -87.815
568 1.353 -102.471
570 1.592 -98.612
572 1.815 -104.276
574 1.703 -108.233
576 1.355 -108.655
578 2.280 -121.834
580 2.380 -126.145
582 2.452 -120.700
584 1.738 -123.221
586 3.044 -131.178
588 2.988 -128.996
590 2.862 -111.562
592 3.055 -101.427
594 3.994 -67.910
596 4.213 -45.754
598 4.703 -55.814
600 5.294 -47.958
602 6.228 -37.922
604 6.369 -31.519
606 6.223 -29.033
608 6.166 -28.928
610 6.135 -28.978
612 6.308 -20.775
614 6.224 -3.049
616 6.528 -9.446
618 6.635 -5.204
620 6.769 -2.677
622 6.733 -3.161
624 6.810 -7.585
626 6.761 0.124
628 6.769 -3.591
630 6.746 -7.514
632 6.597 -11.812
634 6.588 -8.166
636 6.616 -8.076
638 6.662 -7.422
640 6.839 -1.576
642 6.906 2.832
644 3.947 -29.052
646 2.505 -34.874
648 1.225 -51.897
650 1.170 -59.815
652 0.698 -67.597
654 1.582 -65.121
656 1.778 -63.433
658 2.739 -70.550
660 3.905 -59.137
662 4.241 -65.914
664 4.136 -66.389
666 3.546 -50.639
668 4.331 -70.511
670 4.885 -78.678
672 4.957 -66.902
674 5.172 -66.011
676 4.532 -84.457
678 4.280 -91.074
680 3.982 -92.350
682 3.889 -97.959
684 4.309 -99.499
686 4.498 -91.914
688 4.284 -94.397
690 4.681 -95.218
692 4.339 -90.886
694 4.365 -92.573
696 4.476 -95.468
698 5.075 -98.162
700 5.114 -102.676
702 5.251 -107.172
704 5.299 -109.401
706 4.806 -122.127
708 4.439 -133.461
710 4.212 -96.241
712 3.925 -92.446
714 3.664 -89.645
716 3.687 -91.750
718 3.651 -92.382
720 3.378 -86.190
722 3.252 -81.568
724 3.135 -82.842
726 3.105 -87.572
728 2.874 -78.072
730 3.102 -82.324
732 3.035 -87.021
734 4.261 -68.148
736 4.785 -35.744
738 5.550 -17.226
740 5.866 -15.066
742 6.303 1.726
744 6.692 0.488
746 7.204 -2.704
748 7.467 -7.243
750 7.712 -5.894
752 7.542 -1.543
754 7.654 -2.770
756 7.660 0.000
758 7.444 -12.876
760 7.295 -17.328
762 7.133 -19.525
764 6.986 -26.605
766 6.875 -23.790
768 6.857 -25.287
770 6.731 -16.360
772 6.602 -23.342
774 6.606 -26.635
776 6.537 -27.440
778 6.253 -32.573
780 6.419 -28.421
782 2.889 -25.211
784 1.594 -19.419
786 1.385 -16.021
788 2.237 -21.584
790 3.882 -19.843
792 6.776 -7.558
794 7.611 -5.847
796 9.447 -4.241
798 9.825 -5.875
800 9.887 -4.702
802 11.245 -5.674
804 11.085 -9.312
806 11.278 -7.947
808 9.036 -31.040
810 7.954 -46.497
812 7.314 -68.914
814 5.919 -93.015
816 5.611 -90.664
818 5.177 -104.568
820 4.257 -108.224
822 3.538 -112.621
824 3.382 -110.316
826 3.331 -106.752
828 3.199 -110.888
830 3.333 -105.963
832 3.216 -113.080
834 2.384 -120.844
836 1.879 -98.057
838 1.530 -70.820
840 1.814 -53.596
842 1.751 -51.192
844 1.753 -46.639
846 1.948 -40.398
848 2.067 -46.065
850 1.791 -36.870
852 1.873 -42.522
854 2.256 -41.198
856 2.060 -34.812
858 1.900 -39.669
860 1.820 -21.061
862 1.850 1.443
864 1.661 -54.964
866 1.314 -70.974
868 1.138 -87.449
870 0.996 -78.333
872 0.858 -82.525
874 0.836 -78.184
876 0.726 -89.770
878 0.862 -91.579
880 1.168 -85.667
882 1.543 -85.084
884 1.480 -87.147
886 0.692 -60.604
888 0.625 -36.057
890 1.310 1.008
892 1.636 -2.809
894 2.078 -0.862
896 2.488 -9.083
898 2.927 -10.882
900 3.352 -15.011
902 3.192 -20.722
904 3.310 -13.262
906 3.246 -7.482
908 3.079 -16.235
910 3.137 -21.117
912 3.228 -22.323
914 3.481 -24.165
916 3.532 -20.457
918 3.529 -18.012
920 3.325 -16.565
922 2.779 -8.913
924 2.081 1.611
926 1.752 -1.026
928 1.520 -12.592
930 1.458 -17.403
932 1.404 -19.051
934 1.393 -12.362
936 1.196 -7.250
938 1.159 -14.841
940 1.141 -16.998
942 1.164 -17.567
944 1.137 -17.733
946 1.017 -26.430
948 0.949 -29.079
950 0.911 -26.779
952 0.693 -25.329
954 0.602 -24.486
956 0.723 -16.417
958 0.736 -4.505
960 0.822 -8.140
962 0.849 -2.818
964 1.069 -7.850
966 1.149 -4.898
968 1.267 -8.423
970 0.566 0.572
972 0.439 0.629
974 0.503 2.277
976 0.811 0.079
978 1.665 1.824
980 1.661 0.845
982 1.830 2.759
984 2.197 -1.017
986 2.212 0.301
988 2.454 2.760
990 2.430 1.819
992 2.176 2.856
994 2.251 -17.938
996 2.619 -35.458
998 2.685 -38.630
1000 2.862 -39.394
