0 19.700 -110.756
2 14.250 -109.949
4 10.769 -124.902
6 7.460 -136.422
8 6.679 -160.287
10 6.981 -166.685
12 14.453 -144.857
14 17.357 -125.184
16 16.617 -151.050
18 15.482 -119.883
20 13.375 -104.666
22 15.241 -118.395
24 13.933 -143.508
26 11.007 -134.643
28 13.888 -96.470
30 13.104 -79.752
32 12.655 -22.560
34 12.258 -66.012
36 9.865 -53.691
38 11.561 -51.461
40 10.332 -25.769
42 11.161 -4.921
44 9.477 -10.698
46 7.819 -46.361
48 10.092 -62.005
50 8.875 -49.356
52 6.002 -22.140
54 6.608 -5.526
56 4.550 -44.196
58 9.515 -59.012
60 9.973 -59.907
62 9.896 -65.124
64 9.509 -41.833
66 10.447 -15.473
68 9.402 -29.858
70 9.965 -84.343
72 9.548 -99.143
74 10.613 -100.803
76 13.240 -120.997
78 13.927 -140.358
80 12.918 -135.842
82 13.317 -117.840
84 13.793 -102.962
86 13.168 -115.719
88 10.656 -145.161
90 8.742 -166.611
92 8.792 -137.272
94 9.177 -98.709
96 8.560 -114.106
98 11.401 -175.350
100 12.507 -145.637
102 11.398 -137.303
104 12.776 -147.611
106 10.301 -136.579
108 6.383 -151.595
110 11.399 -159.504
112 11.046 -165.897
114 9.075 -158.341
116 9.636 -142.442
118 7.891 -104.542
120 9.881 -108.321
122 8.713 -143.978
124 6.742 -156.456
126 7.531 -178.726
128 7.770 -153.792
130 8.905 -70.492
132 8.291 -25.627
134 6.913 -75.872
136 6.016 -134.682
138 6.204 -142.314
140 14.218 -166.194
142 11.509 -141.563
144 9.964 -149.522
146 8.070 -104.838
148 16.728 -77.950
150 17.677 -63.656
152 15.049 -107.990
154 15.004 -176.187
156 12.445 -149.007
158 13.661 -150.591
160 14.253 -158.928
162 15.014 -155.911
164 16.383 -164.585
166 14.918 -158.128
168 15.143 -147.202
170 16.064 -139.205
172 15.167 -130.457
174 14.431 -104.904
176 15.840 -93.687
178 12.455 -91.946
180 10.807 -89.586
182 9.942 -95.891
184 9.301 -122.479
186 9.908 -153.312
188 10.569 -144.465
190 13.497 -138.171
192 13.137 -133.816
194 11.930 -133.194
196 9.873 -153.290
198 9.617 -167.032
200 9.456 -143.451
202 9.781 -158.283
204 10.497 -153.121
206 11.172 -149.889
208 10.027 -149.433
210 10.457 -143.144
212 8.713 -174.824
214 12.911 -126.602
216 11.211 -117.386
218 12.414 -99.976
220 11.735 -72.277
222 9.856 -30.555
224 8.974 -93.039
226 13.299 -132.949
228 10.852 -131.283
230 8.615 -135.916
232 11.973 -133.111
234 10.360 -126.161
236 6.688 -145.880
238 6.732 -168.590
240 7.554 -157.743
242 8.502 -108.391
244 8.638 -117.979
246 10.759 -151.735
248 9.481 -105.068
250 10.758 -98.584
252 11.700 -81.514
254 11.138 -70.324
256 10.873 -65.034
258 11.019 -64.106
260 11.011 -69.481
262 15.175 -47.638
264 13.947 -4.732
266 14.497 2.401
268 12.504 -2.944
270 17.900 -15.961
272 18.594 -48.696
274 16.922 -83.376
276 14.433 -47.797
278 12.867 -92.074
280 12.320 -155.593
282 11.842 -178.353
284 11.897 -146.180
286 11.862 -130.716
288 9.348 -152.544
290 11.666 -146.664
292 11.488 -124.359
294 11.751 -28.775
296 12.211 1.487
298 9.015 -71.445
300 8.324 -89.931
302 11.225 -81.346
304 10.066 -85.507
306 10.980 -108.468
308 7.459 -142.162
310 13.221 -163.850
312 12.421 -146.293
314 10.455 -95.628
316 16.050 -93.527
318 15.194 -77.217
320 14.560 -117.499
322 13.755 -168.315
324 12.384 -160.089
326 11.836 -119.656
328 10.442 -115.088
330 16.757 -135.135
332 15.078 -129.636
334 18.659 -111.207
336 14.535 -88.332
338 11.302 -68.577
340 8.405 -2.200
342 19.361 -4.960
344 16.222 2.553
346 14.810 -30.963
348 11.937 -116.029
350 10.432 -104.081
352 9.903 -104.669
354 7.726 -108.313
356 7.222 -40.292
358 8.096 -44.398
360 6.490 -68.886
362 4.290 -166.446
364 10.392 -74.339
366 9.740 -42.876
368 8.897 -78.925
370 8.307 -105.555
372 6.995 -113.380
374 7.685 -29.782
376 9.520 0.010
378 10.100 0.182
380 7.921 -125.374
382 9.415 -81.614
384 9.942 -97.458
386 10.233 -154.758
388 10.312 -124.739
390 10.392 -75.970
392 10.509 -53.150
394 11.161 -15.729
396 12.245 -42.433
398 11.466 -124.629
400 10.337 -166.396
402 11.449 -155.220
404 10.331 -130.810
406 9.106 -127.877
408 10.235 -166.846
410 8.497 -133.341
412 6.594 -110.678
414 5.434 -34.222
416 21.193 -15.537
418 20.248 -7.511
420 18.451 2.907
422 17.301 0.230
424 16.757 -51.182
426 13.883 -98.509
428 17.837 -105.049
430 16.538 -127.024
432 15.129 -151.094
434 12.478 -142.031
436 9.854 -106.506
438 12.656 -83.698
440 11.790 -74.928
442 9.274 -54.166
444 5.960 -77.044
446 9.524 -75.373
448 7.679 -87.568
450 11.360 -109.154
452 13.717 -133.187
454 12.857 -173.635
456 17.385 -141.724
458 18.911 -127.846
460 20.433 -123.343
462 21.711 -82.963
464 18.540 -47.018
466 15.405 -4.251
468 17.930 -61.304
470 20.288 -101.188
472 20.182 -170.073
474 19.015 -143.970
476 15.399 -128.999
478 11.212 -26.707
480 9.571 -83.555
482 16.446 -78.713
484 13.825 -148.549
486 10.877 -171.457
488 14.258 -159.665
490 13.883 -146.574
492 12.095 -113.123
494 16.647 -114.247
496 16.690 -172.911
498 16.004 -129.555
500 14.996 -155.555
502 13.005 -168.748
504 10.523 -125.787
506 12.741 -94.601
508 12.533 -56.732
510 13.426 -57.349
512 11.952 -114.362
514 11.799 -161.265
516 11.465 -165.371
518 11.398 -37.246
520 10.040 -15.357
522 8.762 -28.068
524 6.592 -60.066
526 6.684 -115.652
528 8.247 -92.280
530 9.281 -39.878
532 8.011 -122.076
534 7.590 -129.418
536 8.108 -134.504
538 6.651 -116.020
540 7.848 -106.594
542 7.064 -87.003
544 11.206 -82.922
546 10.355 -58.701
548 9.674 -41.189
550 11.411 -12.982
552 14.468 -15.388
554 15.085 -47.186
556 16.024 -63.191
558 14.638 -30.734
560 13.527 -27.930
562 12.489 -76.046
564 12.155 -85.975
566 11.836 -99.378
568 12.419 -104.624
570 12.442 -102.021
572 12.320 -94.965
574 12.006 -89.010
576 11.777 -88.285
578 11.696 -88.807
580 12.588 -98.441
582 12.801 -141.277
584 13.071 -161.039
586 12.761 -126.148
588 13.026 -82.815
590 11.778 -106.902
592 11.482 -134.433
594 10.528 -117.778
596 12.640 -98.666
598 12.425 -94.567
600 13.371 -120.632
602 12.254 -149.903
604 12.468 -167.295
606 10.805 -169.090
608 11.973 -169.542
610 11.022 -158.911
612 12.471 -145.970
614 13.727 -130.557
616 15.499 -87.498
618 12.564 -95.004
620 17.721 -142.396
622 18.328 -119.649
624 19.523 -111.609
626 17.059 -155.170
628 16.872 -125.037
630 15.036 -130.921
632 16.008 -144.845
634 13.411 -160.609
636 13.627 -149.508
638 14.504 -109.273
640 12.656 -89.191
642 11.529 -83.001
644 10.600 -106.041
646 17.541 -96.519
648 15.771 -14.890
650 14.035 -16.229
652 15.702 -48.494
654 15.986 -101.732
656 15.750 -117.800
658 14.001 -114.698
660 14.499 -79.094
662 14.597 -76.678
664 14.154 -73.344
666 13.144 -97.125
668 12.449 -124.549
670 11.747 -133.543
672 10.299 -156.327
674 8.718 -160.602
676 7.626 -133.497
678 6.624 -163.330
680 5.523 -137.498
682 13.744 -130.505
684 13.799 -141.129
686 12.438 -136.080
688 10.580 -142.469
690 9.523 -171.370
692 8.502 -137.658
694 8.240 -130.685
696 7.724 -149.485
698 7.600 -97.733
700 6.986 -84.943
702 6.193 -61.571
704 5.251 -38.504
706 4.482 -0.630
708 5.425 -120.295
710 7.940 -143.440
712 7.869 -145.642
714 5.350 -138.575
716 3.286 -132.568
718 4.420 -126.501
720 5.393 -163.075
722 6.749 -147.030
724 6.821 -130.772
726 7.148 -117.921
728 6.656 -68.942
730 7.188 -19.695
732 8.346 0.741
734 9.323 -24.023
736 12.914 -33.091
738 10.820 -32.995
740 9.899 -132.048
742 7.342 -118.060
744 9.379 -80.440
746 9.740 -50.353
748 16.494 -24.601
750 16.894 -19.126
752 16.935 -47.827
754 14.978 -98.778
756 12.539 -131.805
758 11.507 -147.850
760 9.051 -121.349
762 8.598 -102.671
764 9.551 -126.356
766 11.720 -166.295
768 12.995 -127.237
770 11.980 -131.580
772 11.007 -143.975
774 9.226 -150.210
776 8.370 -169.439
778 9.931 -153.091
780 9.388 -149.226
782 6.399 -160.261
784 11.375 -151.033
786 9.317 -140.685
788 7.543 -110.325
790 12.473 -8.807
792 11.753 -16.137
794 11.196 -8.405
796 10.351 -2.126
798 7.671 -18.833
800 5.294 -11.998
802 14.607 -10.165
804 15.822 -29.358
806 13.831 -1.521
808 14.232 -18.187
810 9.321 -57.812
812 7.050 -78.458
814 8.829 -115.107
816 9.648 -111.860
818 6.954 -109.062
820 10.703 -109.952
822 11.354 -106.722
824 9.984 -131.290
826 9.630 -107.796
828 18.536 -106.042
830 19.856 -118.051
832 18.309 -129.452
834 19.712 -141.436
836 17.690 -148.573
838 16.540 -122.529
840 12.891 -100.713
842 11.779 -108.257
844 8.974 -126.247
846 8.099 -149.269
848 9.360 -176.515
850 8.188 -158.566
852 9.558 -163.314
854 11.107 -161.244
856 8.337 -125.993
858 5.459 -116.871
860 16.344 -169.568
862 16.312 -133.409
864 18.121 -109.881
866 17.691 -90.407
868 15.310 -69.322
870 12.802 -125.072
872 9.547 -162.080
874 6.807 -154.555
876 3.561 -142.971
878 4.590 -135.655
880 4.959 -132.981
882 5.856 -97.335
884 6.110 -12.564
886 5.239 -58.972
888 8.147 -79.693
890 10.771 -126.886
892 8.156 -125.021
894 10.498 -113.717
896 8.183 -111.691
898 14.590 -134.462
900 14.212 -129.831
902 17.860 -113.594
904 20.339 -91.837
906 17.306 -132.895
908 14.405 -163.342
910 9.773 -171.442
912 11.838 -161.065
914 10.000 -141.966
916 9.779 -158.456
918 8.435 -161.119
920 6.961 -165.277
922 15.288 -104.822
924 13.330 -4.525
926 14.120 -33.824
928 12.940 -69.514
930 12.203 -80.810
932 9.221 -55.975
934 7.243 -11.942
936 4.655 -8.604
938 7.490 -31.103
940 4.965 -25.699
942 3.048 -14.004
944 12.940 1.245
946 13.902 -5.966
948 14.468 -110.999
950 13.956 -81.004
952 14.134 -78.277
954 12.796 -49.658
956 14.662 -69.393
958 13.900 -162.615
960 11.257 -122.090
962 13.851 -111.128
964 14.526 -97.683
966 15.112 -90.064
968 15.492 -93.929
970 17.250 -113.544
972 15.776 -109.809
974 15.078 -85.668
976 16.223 -64.229
978 13.182 -49.376
980 17.096 -68.801
982 17.026 -85.652
984 17.251 -98.853
986 15.771 -85.212
988 12.540 0.913
990 13.573 -61.707
992 11.525 -103.433
994 10.906 -152.380
996 7.375 -158.240
998 6.289 -149.424
1000 4.563 -130.713
