0 50.493 -115.834
2 42.893 -128.401
4 36.550 -144.361
6 33.387 -148.716
8 29.399 -162.445
10 25.511 -167.781
12 23.509 -169.695
14 23.283 -176.108
16 21.198 -163.518
18 21.661 -164.909
20 18.059 -148.119
22 20.934 -145.421
24 22.355 -149.617
26 21.886 -162.842
28 24.405 -174.479
30 22.049 -162.147
32 22.392 -98.508
34 23.175 -52.353
36 19.562 -32.183
38 17.850 -24.694
40 15.983 -20.886
42 12.965 -12.143
44 12.234 -15.682
46 10.462 -17.073
48 9.041 -8.653
50 9.331 -15.890
52 7.790 -8.983
54 9.209 -8.739
56 10.800 -8.373
58 9.777 -4.904
60 10.563 -5.060
62 11.031 2.109
64 11.005 0.430
66 11.730 -5.188
68 12.146 -6.211
70 11.642 -2.153
72 11.850 -7.338
74 12.565 -7.314
76 12.375 -2.167
78 12.831 -8.348
80 13.034 -10.442
82 12.954 -16.581
84 13.101 -18.262
86 13.381 -18.205
88 11.055 -7.926
90 9.694 -2.564
92 7.345 2.407
94 6.628 3.110
96 6.325 -12.514
98 5.609 -13.019
100 4.473 -18.733
102 4.590 -17.551
104 4.773 -18.007
106 5.104 -14.869
108 4.999 -23.599
110 5.689 -26.157
112 3.849 -30.337
114 2.436 -6.166
116 1.106 -106.526
118 0.888 -118.743
120 1.161 -126.227
122 0.829 -120.384
124 0.931 -113.560
126 0.892 -109.560
128 0.934 -112.509
130 0.936 -108.576
132 0.908 -81.161
134 1.618 -53.675
136 2.463 -42.417
138 2.991 -40.754
140 3.270 -26.219
142 3.570 -18.196
144 4.170 -5.060
146 4.446 0.582
148 4.865 -0.203
150 5.141 2.164
152 5.442 0.344
154 5.688 2.404
156 5.811 2.272
158 5.899 -6.611
160 6.562 -10.095
162 7.315 -16.548
164 7.811 -25.116
166 7.988 -24.117
168 8.635 -29.402
170 9.172 -29.808
172 9.425 -33.338
174 9.882 -37.712
176 10.165 -44.622
178 10.440 -40.207
180 7.830 -52.626
182 5.949 -137.981
184 4.077 -169.582
186 2.074 -166.540
188 1.782 -165.978
190 2.021 -159.471
192 1.806 -150.988
194 1.894 -161.243
196 2.018 -158.250
198 1.863 -162.478
200 2.178 -160.994
202 1.917 -162.321
204 1.703 -151.851
206 2.040 -125.437
208 2.174 -139.405
210 2.596 -127.971
212 2.737 -148.400
214 2.888 -150.065
216 3.237 -124.618
218 3.264 -103.935
220 3.716 -72.440
222 4.045 -49.166
224 4.350 -63.947
226 4.303 -56.862
228 5.023 -55.908
230 4.804 -72.096
232 5.559 -93.186
234 5.337 -92.532
236 4.056 -75.720
238 3.109 -92.940
240 2.912 -92.635
242 2.820 -90.480
244 3.099 -81.063
246 3.053 -80.655
248 3.012 -78.048
250 2.964 -77.038
252 2.989 -73.543
254 3.028 -75.348
256 3.188 -69.636
258 3.217 -70.316
260 3.393 -67.584
262 2.184 -72.268
264 1.227 -1.377
266 1.504 -99.248
268 2.104 -107.576
270 2.781 -109.019
272 3.391 -107.478
274 3.966 -106.192
276 4.338 -111.739
278 4.590 -111.490
280 5.457 -113.897
282 5.976 -109.399
284 5.979 -106.859
286 6.361 -102.166
288 6.958 -105.392
290 6.711 -114.041
292 5.766 -123.173
294 4.782 -128.920
296 3.465 -143.213
298 4.117 -139.757
300 3.734 -146.886
302 3.620 -159.567
304 3.865 -164.491
306 3.753 -178.233
308 3.753 -165.521
310 3.888 -166.230
312 4.183 -168.093
314 4.097 -176.354
316 4.112 -176.595
318 4.346 -167.161
320 2.953 -143.632
322 2.206 -105.192
324 1.669 -85.545
326 1.213 -75.305
328 1.326 -77.072
330 1.075 -68.364
332 1.075 -59.475
334 1.104 -60.887
336 1.259 -59.847
338 1.379 -58.179
340 1.631 -57.663
342 0.830 -81.777
344 0.619 -88.705
346 0.967 -145.838
348 1.122 -173.284
350 1.391 -124.175
352 2.157 -110.601
354 2.364 -113.357
356 2.291 -124.332
358 2.440 -123.356
360 2.938 -112.994
362 3.656 -114.871
364 3.841 -117.136
366 4.256 -119.578
368 3.704 -142.758
370 3.974 -160.350
372 4.644 -166.128
374 5.001 -167.907
376 5.932 -176.244
378 6.838 -176.334
380 7.526 -166.238
382 8.265 -171.693
384 8.829 -173.945
386 9.463 -177.146
388 9.767 -164.245
390 10.101 -162.115
392 8.344 -167.782
394 7.771 -147.774
396 6.990 -129.400
398 7.347 -120.006
400 7.531 -113.844
402 7.858 -124.746
404 8.193 -129.701
406 8.705 -126.556
408 8.950 -130.436
410 9.350 -131.690
412 9.715 -132.172
414 10.384 -135.746
416 10.609 -143.331
418 10.358 -160.097
420 9.608 -157.634
422 9.467 -147.263
424 9.975 -148.471
426 10.516 -136.988
428 12.075 -127.555
430 11.867 -129.232
432 12.437 -130.780
434 11.565 -117.645
436 10.287 -76.525
438 9.818 -24.861
440 10.028 2.602
442 9.087 0.446
444 11.007 -2.202
446 10.504 2.263
448 10.694 -0.707
450 10.494 0.730
452 10.597 0.658
454 11.299 2.019
456 10.919 -4.661
458 10.358 -21.576
460 10.251 -33.664
462 9.669 -34.804
464 9.167 -42.944
466 10.755 -38.509
468 11.560 -36.628
470 11.438 -34.807
472 12.412 -47.857
474 10.897 -41.931
476 9.446 -37.806
478 7.236 -34.105
480 9.640 -23.542
482 7.982 -1.549
484 7.825 2.632
486 7.944 1.539
488 7.490 0.185
490 7.709 -2.714
492 8.181 0.605
494 7.737 -35.919
496 7.233 -56.285
498 7.019 -90.676
500 6.628 -109.858
502 6.157 -119.446
504 6.322 -113.345
506 6.973 -87.088
508 7.953 -10.064
510 8.638 -20.520
512 9.213 -27.601
514 10.707 -29.011
516 10.805 -24.477
518 10.209 2.217
520 11.096 -5.413
522 10.895 -1.719
524 11.088 0.195
526 11.651 -7.542
528 12.188 0.907
530 12.251 2.732
532 12.774 1.824
534 13.086 -1.163
536 13.522 2.054
538 12.838 2.781
540 12.639 2.189
542 12.819 1.829
544 12.680 0.752
546 10.606 1.010
548 9.299 -14.833
550 7.824 -14.461
552 7.170 -21.763
554 6.845 -16.632
556 6.257 -24.272
558 6.110 -39.046
560 5.209 -42.523
562 5.062 -44.703
564 5.236 -39.817
566 5.114 -36.345
568 5.916 -37.371
570 6.331 -33.920
572 6.409 -44.874
574 6.742 -168.435
576 6.934 -130.633
578 7.831 -144.850
580 8.031 -139.882
582 8.624 -140.416
584 8.988 -143.548
586 9.135 -139.691
588 9.652 -144.421
590 9.838 -149.375
592 10.769 -149.149
594 10.916 -159.694
596 10.734 -173.006
598 10.144 -169.194
600 9.764 -162.970
602 9.384 -156.185
604 8.935 -143.060
606 9.260 -144.241
608 9.940 -154.289
610 10.541 -151.618
612 10.903 -162.023
614 11.213 -154.568
616 11.783 -148.694
618 12.806 -147.919
620 10.704 -137.058
622 9.900 -125.844
624 7.941 -105.699
626 8.010 -103.355
628 7.309 -105.023
630 6.523 -107.103
632 6.779 -103.388
634 6.459 -102.872
636 6.138 -100.595
638 7.271 -103.571
640 7.780 -109.171
642 7.887 -103.267
644 7.807 -132.999
646 8.336 -151.574
648 9.023 -160.690
650 9.878 -164.471
652 10.813 -169.561
654 11.464 -169.828
656 11.410 -167.877
658 11.871 -173.374
660 10.192 -166.213
662 7.676 -141.487
664 6.557 -104.444
666 6.029 -92.674
668 4.755 -60.511
670 5.054 -65.169
672 3.285 -49.876
674 3.760 -49.459
676 4.113 -49.725
678 4.250 -39.955
680 4.016 -49.940
682 2.692 -36.087
684 2.254 -26.794
686 2.066 -13.224
688 1.842 -1.479
690 1.070 0.041
692 0.848 -4.035
694 1.248 -5.311
696 1.209 -8.703
698 0.303 -13.073
700 0.527 -12.553
702 0.684 -2.033
704 1.948 -6.497
706 3.020 -11.789
708 2.784 -21.675
710 3.079 -15.331
712 2.998 -14.120
714 3.403 -16.425
716 3.661 -10.547
718 3.179 -2.591
720 1.784 -1.572
722 2.247 1.718
724 2.516 -1.797
726 2.985 2.826
728 3.027 -3.845
730 2.434 -1.363
732 2.341 -8.633
734 2.656 -7.222
736 2.596 -20.754
738 2.749 -40.305
740 2.792 -70.449
742 2.738 -96.179
744 2.676 -98.754
746 2.916 -93.637
748 3.094 -93.412
750 3.192 -93.453
752 3.439 -96.812
754 3.686 -97.322
756 4.020 -95.781
758 4.317 -100.653
760 4.495 -94.404
762 4.717 -96.476
764 4.959 -96.196
766 4.834 -107.363
768 4.708 -124.944
770 4.981 -166.345
772 5.337 -140.010
774 5.777 -126.296
776 6.102 -125.634
778 6.485 -121.182
780 6.924 -114.436
782 7.527 -111.276
784 8.058 -116.046
786 8.394 -125.778
788 8.404 -132.674
790 8.588 -133.526
792 9.035 -126.672
794 8.027 -110.246
796 6.219 -93.011
798 6.044 -84.150
800 5.141 -71.110
802 4.631 -65.760
804 4.467 -63.570
806 4.257 -62.725
808 4.117 -65.968
810 3.878 -66.754
812 3.557 -58.363
814 3.608 -60.127
816 3.230 -54.007
818 2.683 -44.041
820 2.273 -36.338
822 1.910 -31.413
824 1.762 -36.038
826 1.772 -42.545
828 1.857 -41.001
830 2.028 -41.360
832 2.658 -48.347
834 3.107 -45.953
836 3.345 -49.486
838 3.642 -49.852
840 4.162 -52.155
842 4.576 -55.567
844 4.771 -57.198
846 4.856 -53.663
848 5.259 -65.378
850 5.298 -81.267
852 5.015 -108.008
854 4.786 -163.279
856 4.671 -155.595
858 4.582 -149.472
860 4.664 -141.509
862 4.750 -140.211
864 4.937 -134.410
866 5.115 -131.430
868 5.124 -141.141
870 5.690 -141.797
872 5.395 -133.220
874 5.634 -129.449
876 4.589 -147.171
878 4.093 -152.270
880 4.240 -127.585
882 4.658 -131.920
884 5.000 -100.396
886 5.433 -99.819
888 6.283 -82.297
890 6.604 -83.869
892 7.150 -87.321
894 7.346 -76.637
896 7.863 -82.380
898 6.484 -98.516
900 4.970 -100.358
902 4.126 -102.316
904 3.801 -97.557
906 3.504 -94.646
908 2.534 -86.517
910 2.174 -93.717
912 2.826 -87.885
914 3.152 -95.560
916 3.769 -93.684
918 2.758 -102.960
920 2.027 -112.989
922 1.402 -129.088
924 1.255 -131.293
926 1.741 -131.861
928 1.880 -146.099
930 2.388 -146.658
932 2.200 -147.018
934 2.778 -154.386
936 2.575 -151.268
938 3.017 -151.525
940 3.550 -152.309
942 3.629 -173.980
944 3.362 -170.775
946 3.306 -115.904
948 3.501 -54.102
950 3.294 -48.589
952 3.627 -43.864
954 3.353 -47.052
956 3.263 -46.119
958 3.603 -49.755
960 4.121 -50.698
962 4.523 -52.376
964 4.892 -50.410
966 5.241 -50.431
968 3.319 -56.045
970 2.100 -65.735
972 1.084 -81.973
974 1.542 -85.630
976 1.531 -86.068
978 1.867 -86.748
980 3.701 -90.322
982 4.354 -104.462
984 5.057 -94.971
986 5.670 -87.759
988 7.600 -84.772
990 7.695 -88.405
992 7.310 -97.159
994 7.002 -92.826
996 7.664 -93.052
998 6.331 -86.378
1000 4.870 -76.768
