0 51.022 -113.992
2 45.070 -123.630
4 38.734 -132.886
6 35.073 -140.638
8 32.377 -148.619
10 31.244 -145.479
12 19.809 -176.188
14 23.720 -159.436
16 21.486 -155.109
18 21.039 -145.326
20 13.833 -83.571
22 9.346 -17.833
24 8.850 -58.413
26 8.662 -44.762
28 9.170 -35.379
30 12.529 -30.670
32 11.269 -60.117
34 10.631 -93.064
36 10.091 -108.888
38 9.386 -119.498
40 7.881 -112.481
42 7.891 -88.772
44 8.825 -15.820
46 8.412 -14.231
48 8.095 -27.702
50 7.905 -28.221
52 6.052 -52.028
54 4.176 -55.614
56 9.741 -164.393
58 11.658 -147.919
60 13.286 -149.230
62 12.682 -142.509
64 13.512 -112.741
66 12.998 -98.400
68 11.431 -100.664
70 10.759 -98.152
72 8.090 -109.525
74 12.459 -129.401
76 10.928 -129.469
78 11.997 -112.202
80 11.830 -84.419
82 12.582 -60.781
84 9.807 -62.814
86 10.260 -103.227
88 8.348 -108.402
90 9.789 -95.867
92 8.766 -82.837
94 9.337 -76.397
96 8.328 -110.495
98 8.440 -139.267
100 6.548 -143.191
102 13.983 -162.680
104 15.284 -149.705
106 10.604 -103.629
108 9.266 -57.421
110 10.078 -59.313
112 8.938 -52.880
114 9.261 -18.554
116 6.677 -10.763
118 11.805 -58.305
120 14.101 -119.154
122 14.618 -136.603
124 14.237 -134.426
126 15.158 -121.439
128 14.087 -110.967
130 13.838 -112.110
132 12.392 -83.567
134 11.928 -51.885
136 11.912 -22.733
138 9.805 -21.378
140 8.679 -28.263
142 7.763 -25.085
144 7.010 -30.216
146 5.474 -68.853
148 5.136 -113.006
150 4.274 -131.146
152 4.263 -129.778
154 5.352 -2.318
156 5.095 -29.138
158 9.321 -173.150
160 8.146 -154.840
162 11.111 -120.756
164 10.427 -124.514
166 9.782 -149.363
168 8.660 -158.573
170 7.429 -169.483
172 8.139 -163.166
174 8.095 -157.550
176 6.352 -172.083
178 5.229 -154.350
180 3.381 -124.512
182 1.824 -94.676
184 1.492 -106.210
186 2.090 -147.264
188 1.841 -174.279
190 5.314 -148.811
192 5.703 -143.910
194 6.254 -137.900
196 6.805 -130.927
198 7.624 -119.884
200 8.499 -86.629
202 9.504 0.965
204 7.944 -0.944
206 7.023 -1.979
208 5.845 -14.624
210 16.854 -51.276
212 15.726 -113.528
214 16.601 -130.758
216 18.218 -118.788
218 14.324 -166.478
220 11.383 -153.282
222 9.222 -140.258
224 8.838 -132.980
226 6.248 -131.096
228 5.342 -152.882
230 4.916 -165.999
232 4.420 -149.556
234 5.255 -133.669
236 5.279 -129.479
238 5.524 -126.381
240 5.602 -150.491
242 5.787 -165.634
244 6.198 -165.571
246 10.546 -137.299
248 12.147 -122.564
250 13.312 -116.521
252 13.508 -133.407
254 13.172 -146.157
256 13.168 -165.090
258 12.799 -166.289
260 12.870 -155.922
262 11.943 -128.037
264 12.027 -115.125
266 12.934 -107.201
268 12.109 -94.322
270 11.067 -82.968
272 10.327 -78.267
274 9.400 -67.986
276 8.002 -18.568
278 7.299 -81.484
280 6.420 -89.074
282 6.111 -75.348
284 5.930 -52.354
286 6.078 -34.483
288 5.911 -37.221
290 7.526 -79.176
292 8.260 -178.809
294 9.110 -169.720
296 11.195 -154.218
298 10.083 -138.078
300 8.021 2.262
302 8.392 -4.510
304 6.968 -38.291
306 9.353 -58.978
308 8.231 -85.796
310 10.221 -91.550
312 8.291 -118.243
314 12.803 -161.064
316 12.268 -102.323
318 9.040 -31.551
320 6.356 -7.153
322 4.645 2.838
324 2.602 -1.105
326 1.560 -9.517
328 16.174 -96.205
330 17.390 -119.411
332 14.145 -153.904
334 12.908 -70.319
336 10.708 -56.953
338 8.706 -56.999
340 9.254 -50.343
342 7.490 -52.957
344 6.698 -125.653
346 6.046 -119.314
348 5.376 -105.351
350 6.284 -82.454
352 4.896 -67.618
354 6.400 -48.709
356 6.770 -59.137
358 7.682 -77.065
360 6.604 -103.150
362 8.625 -147.564
364 7.716 -170.818
366 8.134 -137.909
368 9.447 -113.801
370 9.146 -77.943
372 7.626 -50.650
374 11.062 -7.580
376 10.517 -7.420
378 10.633 -13.799
380 10.288 -34.129
382 8.716 -75.599
384 8.386 -89.557
386 7.106 -95.300
388 5.253 -87.437
390 8.679 -96.442
392 8.890 -132.251
394 11.013 -95.114
396 10.626 -37.947
398 10.890 -45.564
400 10.990 -44.248
402 10.293 -41.518
404 7.970 -24.702
406 10.283 -2.783
408 9.618 -3.679
410 9.105 -14.241
412 8.120 -8.717
414 7.643 -132.987
416 7.263 -135.543
418 6.597 -137.276
420 7.196 -135.482
422 6.141 -114.382
424 4.183 -87.925
426 7.421 -39.325
428 7.199 -3.987
430 6.859 3.051
432 6.737 -6.797
434 7.683 1.022
436 9.100 -10.832
438 10.339 -20.049
440 11.282 -36.072
442 10.538 -29.791
444 13.438 -23.505
446 13.602 -25.736
448 12.814 -35.234
450 13.209 -40.258
452 12.551 -42.633
454 12.483 -42.171
456 10.234 -64.957
458 9.151 -170.297
460 10.286 -147.693
462 11.334 -92.216
464 11.625 -67.277
466 11.584 -59.731
468 13.006 -63.654
470 12.303 -71.667
472 11.408 -79.218
474 10.814 -83.846
476 9.055 -91.156
478 8.543 -89.579
480 7.338 -122.404
482 7.074 -167.884
484 6.712 -157.903
486 6.272 -151.670
488 5.861 -150.388
490 3.708 -140.002
492 4.761 -132.412
494 4.877 -116.898
496 7.323 -77.287
498 6.989 -36.611
500 7.994 -64.356
502 7.477 -86.062
504 7.777 -100.270
506 9.403 -110.113
508 10.349 -113.780
510 10.430 -112.848
512 11.192 -119.204
514 9.465 -135.731
516 6.080 -142.924
518 6.636 -110.214
520 7.339 -86.691
522 6.881 -54.630
524 7.866 -6.671
526 7.687 -14.294
528 8.274 -22.810
530 7.589 -28.860
532 4.543 -19.131
534 2.241 -2.535
536 7.946 0.266
538 7.086 -3.051
540 7.268 -20.228
542 5.684 -13.847
544 9.793 -34.013
546 9.994 -40.748
548 10.857 -35.922
550 12.248 -46.992
552 11.884 -36.172
554 10.367 -35.380
556 7.355 -71.794
558 6.923 -112.718
560 7.966 -145.454
562 7.653 -121.770
564 5.218 -127.458
566 3.212 -145.147
568 10.507 -141.514
570 11.248 -148.143
572 12.024 -146.116
574 12.560 -138.599
576 13.607 -122.124
578 15.247 -117.067
580 14.468 -118.999
582 14.957 -143.945
584 14.282 -162.874
586 16.197 -172.310
588 14.233 -120.888
590 12.510 -80.388
592 10.432 -60.958
594 10.848 -54.921
596 7.189 -63.978
598 10.851 -68.318
600 11.813 -69.836
602 10.910 -57.292
604 9.589 -47.403
606 8.089 -40.975
608 8.419 -35.335
610 6.537 -56.832
612 5.531 -57.708
614 8.657 -60.501
616 8.086 -61.767
618 7.173 -47.442
620 6.575 -50.467
622 14.090 -55.781
624 17.384 -67.164
626 16.456 -65.289
628 13.606 -51.625
630 11.548 -40.255
632 10.271 -45.049
634 11.589 -50.547
636 8.826 -96.003
638 9.767 -115.186
640 9.440 -52.274
642 9.657 -34.610
644 8.584 -29.790
646 9.134 -6.835
648 10.121 -63.478
650 9.491 -133.663
652 11.238 -132.151
654 9.540 -148.054
656 10.292 -139.959
658 10.901 -142.898
660 10.024 -156.185
662 9.604 -123.076
664 9.083 -78.706
666 7.916 -140.485
668 8.134 -139.956
670 7.647 -116.792
672 10.503 -99.166
674 10.289 -84.405
676 11.399 -91.754
678 10.849 -165.851
680 11.107 -115.908
682 14.495 -66.145
684 14.674 -62.948
686 15.826 -62.711
688 14.997 -60.207
690 15.413 -60.486
692 12.263 -87.315
694 9.889 -119.040
696 8.480 -131.017
698 6.324 -142.412
700 7.063 -122.694
702 6.708 -106.267
704 6.916 -98.192
706 7.780 -89.914
708 7.935 -85.641
710 6.958 -93.223
712 6.832 -89.521
714 6.826 -90.240
716 7.423 -87.139
718 7.722 -86.276
720 9.631 -86.937
722 9.303 -85.712
724 11.655 -82.623
726 14.113 -81.375
728 14.251 -79.940
730 15.081 -78.975
732 13.291 -48.130
734 11.268 -22.820
736 11.569 -14.526
738 9.926 -20.872
740 8.383 -28.493
742 7.106 -35.434
744 7.154 -36.037
746 7.588 -37.038
748 7.808 -38.131
750 7.508 -12.213
752 9.680 -30.060
754 9.283 -56.521
756 8.063 -30.021
758 11.973 -70.790
760 10.504 -90.445
762 10.784 -88.907
764 9.432 -170.223
766 11.003 -110.889
768 10.107 -169.371
770 9.110 -108.147
772 10.802 -85.490
774 11.418 -53.048
776 14.776 -17.339
778 14.446 -105.719
780 13.559 -128.208
782 15.370 -127.781
784 15.522 -139.787
786 14.637 -138.973
788 13.189 -136.505
790 12.413 -143.137
792 9.538 -136.557
794 8.379 -116.094
796 8.668 -97.336
798 8.888 -69.933
800 9.210 -60.802
802 8.094 -59.068
804 5.517 -23.186
806 4.316 -100.669
808 3.209 -98.114
810 2.160 -100.626
812 3.345 -86.382
814 5.843 -78.150
816 8.643 -77.480
818 10.577 -69.900
820 10.979 -57.970
822 10.206 -104.196
824 9.552 -160.980
826 8.979 -169.750
828 8.068 -171.713
830 8.814 -155.474
832 8.313 -143.668
834 8.079 -142.169
836 12.236 -165.496
838 10.744 -165.195
840 12.722 -40.984
842 11.363 -22.043
844 9.074 -14.005
846 7.594 2.834
848 6.195 -5.309
850 4.600 -26.720
852 4.346 -35.253
854 3.555 -39.907
856 4.153 -54.081
858 6.178 -87.497
860 8.014 -141.680
862 10.058 -151.886
864 9.497 -104.023
866 9.421 -88.343
868 10.247 -50.088
870 9.719 -15.443
872 10.493 -7.619
874 10.019 -9.300
876 14.253 1.988
878 14.312 -2.509
880 13.347 -4.975
882 12.455 -22.254
884 13.853 -25.046
886 12.617 -27.448
888 11.829 -42.185
890 11.617 -58.869
892 10.930 -61.078
894 11.799 -50.345
896 12.063 -74.304
898 10.324 -91.006
900 9.456 -101.113
902 9.794 -73.452
904 11.918 -65.486
906 10.795 -96.766
908 9.367 -132.918
910 10.882 -145.954
912 10.314 -150.954
914 8.943 -144.512
916 7.995 -101.577
918 15.741 -123.887
920 17.003 -132.082
922 18.024 -143.880
924 18.967 -149.171
926 19.042 -154.134
928 16.070 -161.150
930 13.151 -125.143
932 11.762 -110.005
934 10.412 -91.845
936 7.542 -69.242
938 9.762 -44.542
940 8.817 -41.179
942 8.028 -62.803
944 13.351 -78.452
946 12.611 -100.641
948 14.539 -111.987
950 14.289 -119.524
952 12.617 -98.582
954 11.148 -73.905
956 9.960 -72.589
958 9.402 -61.784
960 8.084 -26.133
962 8.226 -3.928
964 6.748 1.228
966 7.415 -6.993
968 9.292 -2.272
970 12.072 -12.961
972 13.001 -34.760
974 11.558 -16.983
976 11.100 -107.251
978 9.836 -128.837
980 8.591 -136.226
982 9.776 -140.793
984 8.776 -143.944
986 8.318 -124.486
988 7.914 -104.734
990 8.169 -83.313
992 8.384 -76.973
994 8.280 -99.041
996 8.507 -135.972
998 8.632 -163.470
1000 7.951 -152.296
